2.204563468694686890e-02 2.714638411998748779e-02 2.476681023836135864e-02 2.090278826653957367e-02
2.980926819145679474e-02 3.253207355737686157e-02 3.547357767820358276e-02 3.223086521029472351e-02
3.705269843339920044e-02 3.199129179120063782e-02 2.964229136705398560e-02 3.462865203619003296e-02
2.996812947094440460e-02 2.910647727549076080e-02 3.184789419174194336e-02 2.807232551276683807e-02
3.831125423312187195e-02 3.558585047721862793e-02 3.222052007913589478e-02 2.992479130625724792e-02
3.331630676984786987e-02 3.601084649562835693e-02 3.979881107807159424e-02 3.795155510306358337e-02
3.805094584822654724e-02 3.601449728012084961e-02 3.666049242019653320e-02 3.706865757703781128e-02
3.392184898257255554e-02 3.465304896235466003e-02 3.419252857565879822e-02 3.317452222108840942e-02
3.840193897485733032e-02 3.550894930958747864e-02 3.205133229494094849e-02 3.530922159552574158e-02
3.611350059509277344e-02 3.550655022263526917e-02 3.664551302790641785e-02 3.757403045892715454e-02
3.129784390330314636e-02 3.428566083312034607e-02 3.436820581555366516e-02 3.674154728651046753e-02
3.115862049162387848e-02 3.554186969995498657e-02 3.415530547499656677e-02 3.565970435738563538e-02
3.622792661190032959e-02 3.374363854527473450e-02 3.369445353746414185e-02 3.397808969020843506e-02
3.437526896595954895e-02 3.257689252495765686e-02 3.641542047262191772e-02 3.398930281400680542e-02
3.167466074228286743e-02 3.446342423558235168e-02 3.341103345155715942e-02 3.395050764083862305e-02
3.447287529706954956e-02 3.211569041013717651e-02 3.761382773518562317e-02 3.483150526881217957e-02
3.488216176629066467e-02 3.398460894823074341e-02 3.492293134331703186e-02 3.351326659321784973e-02
3.335843607783317566e-02 3.340433537960052490e-02 3.578642755746841431e-02 3.649322316050529480e-02
3.534951433539390564e-02 3.406178578734397888e-02 3.326323255896568298e-02 3.451026231050491333e-02
4.002825915813446045e-02 3.495129942893981934e-02 3.149922937154769897e-02 3.183273226022720337e-02
3.606602922081947327e-02 3.558908402919769287e-02 3.447767347097396851e-02 3.737201914191246033e-02
3.749406710267066956e-02 3.351030498743057251e-02 3.258971869945526123e-02 3.534939885139465332e-02
3.649225458502769470e-02 3.580505028367042542e-02 3.552164137363433838e-02 3.627026081085205078e-02
3.567850962281227112e-02 3.300647810101509094e-02 3.255671635270118713e-02 3.734533488750457764e-02
4.178919270634651184e-02 3.655650466680526733e-02 3.758992627263069153e-02 3.991956263780593872e-02
3.752861917018890381e-02 3.702010214328765869e-02 3.587748482823371887e-02 3.674615174531936646e-02
3.598220273852348328e-02 3.244715183973312378e-02 3.298455104231834412e-02 3.849433735013008118e-02
3.943065181374549866e-02 3.450981155037879944e-02 3.316474705934524536e-02 3.714325651526451111e-02
3.667387738823890686e-02 3.443140909075737000e-02 3.450063616037368774e-02 3.628991916775703430e-02
3.371106833219528198e-02 3.552388399839401245e-02 3.278998285531997681e-02 3.332431614398956299e-02
3.502494096755981445e-02 3.565748780965805054e-02 3.730340674519538879e-02 3.410260379314422607e-02
3.792315721511840820e-02 3.732557222247123718e-02 3.476272523403167725e-02 3.936285898089408875e-02
3.679238259792327881e-02 3.637541458010673523e-02 3.264627605676651001e-02 3.755168989300727844e-02
3.426881134510040283e-02 3.796355426311492920e-02 3.595947474241256714e-02 3.367887064814567566e-02
3.875229880213737488e-02 3.997445851564407349e-02 3.895605728030204773e-02 3.857843577861785889e-02
3.490707278251647949e-02 3.362376242876052856e-02 3.353847935795783997e-02 3.840263932943344116e-02
3.698292747139930725e-02 3.687055036425590515e-02 3.813751786947250366e-02 3.606432676315307617e-02
3.471030294895172119e-02 3.649215772747993469e-02 3.482638671994209290e-02 3.676869347691535950e-02
3.565694019198417664e-02 3.508773073554039001e-02 3.612868115305900574e-02 3.458313271403312683e-02
3.415191546082496643e-02 3.565308824181556702e-02 3.691542893648147583e-02 3.298570588231086731e-02
3.312227129936218262e-02 3.901239484548568726e-02 3.681910037994384766e-02 3.837981820106506348e-02
3.527396172285079956e-02 3.680051490664482117e-02 3.831706196069717407e-02 3.833530470728874207e-02
3.602247685194015503e-02 3.712749481201171875e-02 3.096979670226573944e-02 3.531422838568687439e-02
3.436734527349472046e-02 3.620431572198867798e-02 3.400534018874168396e-02 3.452869132161140442e-02
3.473237529397010803e-02 3.389685228466987610e-02 3.568830341100692749e-02 3.528391569852828979e-02
3.584353625774383545e-02 3.186366334557533264e-02 3.216449916362762451e-02 3.730762004852294922e-02
3.347992524504661560e-02 3.174376115202903748e-02 3.169923275709152222e-02 3.538789227604866028e-02
3.394737839698791504e-02 2.686869166791439056e-02 3.176225721836090088e-02 3.372775763273239136e-02
3.607121109962463379e-02 3.269537538290023804e-02 3.709376603364944458e-02 3.691953793168067932e-02
3.307466581463813782e-02 3.281681984663009644e-02 3.055301494896411896e-02 3.515570238232612610e-02
3.829469159245491028e-02 3.649477660655975342e-02 3.799436986446380615e-02 3.937616944313049316e-02
3.828883543610572815e-02 3.224871680140495300e-02 3.454894199967384338e-02 3.777725622057914734e-02
3.222928568720817566e-02 3.410218656063079834e-02 3.280670940876007080e-02 3.519513085484504700e-02
3.459071740508079529e-02 3.438606858253479004e-02 3.636288642883300781e-02 3.451592102646827698e-02
3.448933735489845276e-02 3.483718261122703552e-02 3.635005280375480652e-02 3.699874505400657654e-02
3.139697015285491943e-02 3.249304369091987610e-02 2.978883124887943268e-02 3.622111678123474121e-02
3.242087736725807190e-02 3.260522708296775818e-02 3.141957521438598633e-02 3.611359745264053345e-02
3.330707177519798279e-02 3.420448303222656250e-02 3.435884788632392883e-02 3.785267844796180725e-02
3.498713299632072449e-02 3.594426810741424561e-02 3.587976098060607910e-02 3.507928550243377686e-02
3.343496471643447876e-02 3.385886549949645996e-02 3.583538532257080078e-02 3.610972687602043152e-02
3.523453325033187866e-02 3.411449491977691650e-02 3.649711981415748596e-02 3.562919050455093384e-02
3.350918367505073547e-02 3.030852787196636200e-02 3.477577865123748779e-02 3.516470640897750854e-02
3.430637717247009277e-02 3.364069014787673950e-02 3.565625846385955811e-02 3.398310765624046326e-02
3.506659343838691711e-02 3.121349401772022247e-02 3.275160491466522217e-02 3.647266700863838196e-02
3.773862123489379883e-02 3.341372683644294739e-02 3.217061236500740051e-02 3.517604246735572815e-02
3.588415682315826416e-02 3.471415117383003235e-02 3.678317740559577942e-02 3.476352989673614502e-02
3.266128897666931152e-02 3.125199675559997559e-02 3.464974090456962585e-02 3.983502089977264404e-02
3.358809277415275574e-02 3.409213572740554810e-02 3.303294256329536438e-02 3.566295653581619263e-02
3.120705112814903259e-02 3.115914203226566315e-02 3.202049061655998230e-02 3.457302972674369812e-02
3.215686231851577759e-02 2.952148206532001495e-02 3.193756192922592163e-02 3.463546186685562134e-02
3.232316300272941589e-02 3.327436372637748718e-02 3.127573058009147644e-02 3.627579286694526672e-02
3.414338082075119019e-02 3.223485499620437622e-02 3.276796638965606689e-02 3.274562209844589233e-02
3.457282111048698425e-02 3.131923452019691467e-02 3.247514367103576660e-02 3.815019503235816956e-02
3.650256991386413574e-02 3.508316352963447571e-02 3.498674556612968445e-02 3.592181578278541565e-02
3.533892333507537842e-02 3.636975958943367004e-02 3.175002336502075195e-02 3.311207517981529236e-02
3.573456779122352600e-02 3.428000584244728088e-02 3.662507608532905579e-02 3.560807183384895325e-02
3.825375065207481384e-02 3.706688806414604187e-02 3.575368598103523254e-02 3.574580326676368713e-02
3.567425161600112915e-02 3.294501081109046936e-02 3.254082053899765015e-02 3.406379744410514832e-02
3.249552100896835327e-02 3.026017732918262482e-02 3.096388280391693115e-02 3.275799006223678589e-02
3.752846270799636841e-02 3.632244840264320374e-02 3.291982784867286682e-02 3.739374130964279175e-02
3.580379113554954529e-02 3.130704909563064575e-02 3.037109971046447754e-02 3.365287557244300842e-02
3.650499507784843445e-02 3.430199250578880310e-02 3.497283160686492920e-02 3.210219368338584900e-02
3.559179976582527161e-02 3.472442552447319031e-02 3.314967826008796692e-02 3.393954411149024963e-02
3.824644908308982849e-02 3.660834208130836487e-02 3.413637354969978333e-02 3.666308149695396423e-02
3.906178846955299377e-02 3.601751103997230530e-02 3.505816683173179626e-02 3.834931924939155579e-02
3.185658156871795654e-02 3.476841375231742859e-02 3.372069075703620911e-02 3.512834757566452026e-02
3.333785384893417358e-02 3.292699530720710754e-02 3.084019199013710022e-02 3.554459288716316223e-02
3.109713457524776459e-02 3.183118999004364014e-02 3.179055824875831604e-02 3.064958564937114716e-02
3.595590218901634216e-02 3.568612411618232727e-02 3.617954999208450317e-02 3.355054929852485657e-02
3.457054495811462402e-02 3.568758442997932434e-02 3.578816354274749756e-02 3.266013786196708679e-02
3.542311862111091614e-02 3.306778892874717712e-02 3.383307531476020813e-02 3.428725898265838623e-02
3.438013419508934021e-02 3.413327038288116455e-02 3.202787786722183228e-02 3.291149064898490906e-02
3.710304200649261475e-02 3.655621036887168884e-02 3.348572552204132080e-02 3.338585793972015381e-02
3.199884295463562012e-02 3.487445786595344543e-02 3.272568434476852417e-02 3.420777991414070129e-02
3.618750348687171936e-02 3.332654014229774475e-02 3.412672877311706543e-02 3.290210291743278503e-02
3.407590091228485107e-02 3.499368205666542053e-02 3.472583740949630737e-02 3.742890805006027222e-02
3.742084279656410217e-02 3.713094070553779602e-02 3.360464051365852356e-02 3.580640628933906555e-02
3.386601060628890991e-02 3.281060233712196350e-02 3.413393348455429077e-02 3.535139188170433044e-02
3.603686392307281494e-02 3.628944978117942810e-02 3.237368166446685791e-02 3.260182961821556091e-02
3.193825483322143555e-02 3.197691217064857483e-02 3.234051913022994995e-02 3.440536186099052429e-02
3.465889021754264832e-02 3.621794655919075012e-02 3.279143199324607849e-02 3.711405396461486816e-02
3.663746267557144165e-02 3.272760286927223206e-02 3.615107387304306030e-02 3.313277289271354675e-02
3.829852119088172913e-02 3.459181636571884155e-02 3.518609702587127686e-02 3.447697311639785767e-02
3.378455340862274170e-02 3.248580172657966614e-02 3.707591444253921509e-02 3.824561089277267456e-02
3.239133581519126892e-02 3.048968501389026642e-02 3.439397737383842468e-02 3.761086612939834595e-02
3.364840522408485413e-02 3.465777635574340820e-02 3.440942615270614624e-02 3.429305180907249451e-02
3.427404165267944336e-02 3.300129249691963196e-02 3.537850081920623779e-02 3.461226820945739746e-02
3.324730321764945984e-02 3.278250247240066528e-02 3.314977884292602539e-02 3.509246185421943665e-02
3.979360684752464294e-02 3.392627462744712830e-02 3.449618071317672729e-02 3.709235787391662598e-02
3.397630527615547180e-02 3.250351548194885254e-02 3.483052551746368408e-02 3.519279137253761292e-02
3.443361073732376099e-02 3.513022884726524353e-02 3.077754005789756775e-02 3.247839584946632385e-02
3.306572511792182922e-02 3.220186382532119751e-02 3.564557060599327087e-02 4.007723182439804077e-02
3.908418118953704834e-02 3.885908797383308411e-02 4.118401929736137390e-02 4.297236353158950806e-02
3.367050737142562866e-02 3.410640358924865723e-02 3.550468757748603821e-02 3.449189662933349609e-02
3.038617596030235291e-02 3.302412852644920349e-02 3.229736909270286560e-02 3.659152612090110779e-02
3.075836785137653351e-02 2.806468307971954346e-02 3.262563422322273254e-02 3.644653409719467163e-02
3.519582375884056091e-02 3.337318077683448792e-02 3.408362716436386108e-02 3.834322467446327209e-02
3.601485863327980042e-02 3.605469688773155212e-02 3.513154387474060059e-02 3.715350106358528137e-02
3.476847335696220398e-02 3.624527156352996826e-02 3.559741377830505371e-02 3.774322196841239929e-02
3.281622007489204407e-02 3.670509904623031616e-02 3.520393744111061096e-02 3.335730358958244324e-02
3.568549826741218567e-02 3.332892432808876038e-02 3.353183716535568237e-02 3.377261012792587280e-02
3.645777329802513123e-02 3.358938544988632202e-02 3.568869084119796753e-02 3.941282629966735840e-02
3.732749819755554199e-02 3.270595520734786987e-02 3.789600357413291931e-02 3.488533943891525269e-02
3.299179300665855408e-02 3.590646758675575256e-02 3.312160447239875793e-02 3.473546728491783142e-02
3.790643066167831421e-02 3.433571755886077881e-02 3.528703749179840088e-02 3.712970763444900513e-02
3.153965249657630920e-02 3.319157660007476807e-02 3.018823638558387756e-02 3.306015208363533020e-02
3.595855087041854858e-02 3.348122909665107727e-02 3.249654173851013184e-02 3.256420418620109558e-02
3.141214698553085327e-02 3.186526522040367126e-02 3.791414946317672729e-02 3.595487400889396667e-02
3.349884971976280212e-02 3.412185981869697571e-02 3.564498201012611389e-02 3.487978503108024597e-02
3.527837246656417847e-02 3.276981785893440247e-02 2.973603457212448120e-02 3.333080932497978210e-02
3.622310981154441833e-02 3.160881251096725464e-02 3.666288405656814575e-02 3.415482118725776672e-02
3.274070844054222107e-02 3.476475179195404053e-02 3.370533883571624756e-02 3.529366850852966309e-02
3.556200116872787476e-02 3.032136708498001099e-02 3.272361308336257935e-02 3.431151807308197021e-02
3.494353219866752625e-02 3.581035137176513672e-02 3.496528789401054382e-02 3.715835884213447571e-02
3.815376758575439453e-02 3.263769298791885376e-02 3.327723592519760132e-02 3.551755845546722412e-02
3.720659390091896057e-02 3.374895453453063965e-02 3.166379034519195557e-02 3.809234499931335449e-02
3.801039606332778931e-02 3.832855075597763062e-02 3.418643400073051453e-02 3.700910136103630066e-02
3.324264287948608398e-02 3.405724838376045227e-02 3.140182420611381531e-02 3.839067369699478149e-02
3.436982259154319763e-02 3.288944810628890991e-02 3.303132206201553345e-02 3.519578650593757629e-02
4.000618308782577515e-02 3.553176671266555786e-02 3.091261349618434906e-02 3.970224037766456604e-02
3.474155068397521973e-02 3.154438734054565430e-02 3.292015567421913147e-02 3.791818395256996155e-02
3.542488068342208862e-02 3.565433993935585022e-02 3.414064273238182068e-02 3.506323322653770447e-02
3.346836939454078674e-02 3.347716480493545532e-02 3.410158306360244751e-02 3.783520683646202087e-02
3.522990643978118896e-02 3.245900571346282959e-02 3.555656969547271729e-02 3.419145196676254272e-02
3.404016047716140747e-02 3.063342534005641937e-02 3.522275760769844055e-02 3.494853153824806213e-02
3.361884132027626038e-02 3.498567268252372742e-02 3.140926361083984375e-02 3.533669561147689819e-02
3.432147204875946045e-02 3.310540318489074707e-02 3.258372843265533447e-02 3.549628704786300659e-02
3.310025855898857117e-02 3.024240024387836456e-02 3.450002521276473999e-02 3.327516466379165649e-02
3.287384286522865295e-02 3.539712727069854736e-02 3.354196622967720032e-02 3.458221629261970520e-02
3.148765116930007935e-02 3.369523957371711731e-02 3.722015023231506348e-02 3.714606538414955139e-02
3.719409182667732239e-02 3.308396041393280029e-02 3.539025038480758667e-02 3.811622411012649536e-02
3.479111567139625549e-02 3.625536337494850159e-02 3.392990306019783020e-02 3.402264416217803955e-02
3.680079057812690735e-02 3.612886369228363037e-02 3.686834871768951416e-02 3.486619144678115845e-02
3.286068141460418701e-02 3.342270478606224060e-02 3.487998247146606445e-02 3.398567065596580505e-02
3.273218497633934021e-02 3.389341384172439575e-02 3.388056531548500061e-02 3.615072742104530334e-02
3.321057185530662537e-02 3.174065053462982178e-02 3.157525882124900818e-02 3.215650469064712524e-02
3.334185108542442322e-02 3.346094861626625061e-02 3.584549203515052795e-02 3.633424639701843262e-02
3.467177599668502808e-02 3.203321993350982666e-02 3.369531035423278809e-02 3.617613762617111206e-02
3.905788809061050415e-02 3.680144995450973511e-02 3.489951416850090027e-02 3.986885026097297668e-02
3.784708306193351746e-02 3.849640861153602600e-02 3.727635741233825684e-02 3.406613692641258240e-02
3.286786749958992004e-02 3.488248214125633240e-02 3.483128175139427185e-02 3.468498587608337402e-02
3.877029567956924438e-02 3.599815815687179565e-02 3.655882924795150757e-02 3.624013811349868774e-02
3.349741920828819275e-02 3.330694511532783508e-02 3.557528927922248840e-02 3.549114614725112915e-02
3.851893544197082520e-02 4.278683289885520935e-02 4.053011536598205566e-02 3.548867255449295044e-02
3.290478140115737915e-02 3.479272127151489258e-02 3.479994088411331177e-02 3.319318220019340515e-02
3.684091567993164062e-02 3.280267491936683655e-02 3.224031254649162292e-02 3.850737214088439941e-02
3.522060066461563110e-02 3.590961545705795288e-02 3.651950508356094360e-02 3.660153225064277649e-02
3.696100413799285889e-02 3.776994347572326660e-02 3.387945517897605896e-02 3.955822810530662537e-02
3.653294220566749573e-02 3.569931909441947937e-02 3.637239336967468262e-02 4.001232236623764038e-02
3.612126037478446960e-02 3.483283892273902893e-02 3.540047258138656616e-02 3.603834658861160278e-02
3.414104133844375610e-02 3.483432903885841370e-02 3.454745560884475708e-02 3.695533424615859985e-02
3.801194205880165100e-02 3.827992454171180725e-02 3.650454804301261902e-02 4.022233188152313232e-02
3.673787787556648254e-02 3.485593199729919434e-02 3.649543598294258118e-02 3.810858726501464844e-02
3.470687568187713623e-02 3.695558384060859680e-02 3.139667212963104248e-02 3.527231886982917786e-02
3.473142534494400024e-02 3.508908674120903015e-02 3.378791734576225281e-02 3.383363783359527588e-02
3.333171084523200989e-02 3.564462810754776001e-02 2.931955270469188690e-02 3.403649106621742249e-02
3.480502590537071228e-02 3.618562966585159302e-02 3.368643298745155334e-02 3.786686807870864868e-02
3.550451248884201050e-02 3.692448139190673828e-02 3.199572488665580750e-02 3.535907343029975891e-02
3.759930282831192017e-02 3.468929603695869446e-02 3.115236200392246246e-02 3.554237633943557739e-02
3.124292753636837006e-02 3.285960480570793152e-02 2.948514744639396667e-02 4.090479761362075806e-02
3.078082948923110962e-02 3.485449030995368958e-02 3.454317152500152588e-02 3.505911305546760559e-02
3.777350857853889465e-02 3.690437600016593933e-02 3.698612004518508911e-02 3.610655292868614197e-02
3.272718191146850586e-02 3.262693807482719421e-02 3.344742208719253540e-02 3.414196148514747620e-02
3.537820279598236084e-02 3.412065654993057251e-02 3.375748172402381897e-02 3.661498427391052246e-02
3.564231470227241516e-02 3.874963894486427307e-02 3.362724184989929199e-02 3.762970119714736938e-02
3.268727660179138184e-02 3.343809768557548523e-02 3.207490220665931702e-02 3.360468149185180664e-02
3.668638318777084351e-02 3.777815029025077820e-02 3.418408334255218506e-02 3.518261015415191650e-02
3.589572757482528687e-02 3.611572086811065674e-02 3.304105624556541443e-02 3.875083476305007935e-02
3.343000262975692749e-02 3.134618699550628662e-02 3.125435858964920044e-02 3.744615986943244934e-02
3.382900357246398926e-02 3.182341158390045166e-02 3.331511840224266052e-02 3.485733270645141602e-02
3.331799060106277466e-02 3.154792264103889465e-02 3.487066179513931274e-02 3.264268115162849426e-02
3.701706230640411377e-02 3.325410559773445129e-02 3.734447434544563293e-02 3.751337900757789612e-02
3.270206227898597717e-02 3.184520080685615540e-02 3.654894605278968811e-02 3.244998678565025330e-02
3.237976133823394775e-02 3.249369934201240540e-02 3.269170969724655151e-02 3.353556618094444275e-02
3.372539579868316650e-02 3.554836288094520569e-02 3.346269577741622925e-02 3.481291979551315308e-02
3.592055663466453552e-02 3.256750851869583130e-02 2.972474880516529083e-02 3.300739079713821411e-02
3.458899259567260742e-02 3.333908692002296448e-02 3.625613451004028320e-02 3.641563653945922852e-02
3.368214517831802368e-02 3.382625430822372437e-02 3.363823518157005310e-02 3.526360169053077698e-02
3.780633583664894104e-02 3.707927092909812927e-02 4.070607200264930725e-02 3.738569468259811401e-02
3.352271765470504761e-02 3.223595395684242249e-02 3.083889186382293701e-02 3.216055408120155334e-02
3.657622262835502625e-02 3.430519998073577881e-02 3.494099155068397522e-02 3.572978451848030090e-02
3.557481244206428528e-02 3.587634116411209106e-02 3.670653328299522400e-02 3.515661880373954773e-02
3.789456188678741455e-02 3.864964842796325684e-02 3.521306812763214111e-02 3.950728103518486023e-02
3.336939588189125061e-02 3.291403502225875854e-02 3.376957029104232788e-02 3.171275556087493896e-02
3.370910510420799255e-02 3.564121946692466736e-02 3.542036190629005432e-02 3.595627844333648682e-02
3.399006649851799011e-02 2.745621278882026672e-02 3.319477289915084839e-02 2.996975556015968323e-02
3.596005216240882874e-02 3.085852786898612976e-02 3.453981876373291016e-02 3.333579003810882568e-02
3.434082493185997009e-02 3.620873391628265381e-02 3.233120590448379517e-02 3.523405268788337708e-02
3.960862010717391968e-02 3.836933150887489319e-02 3.559711948037147522e-02 3.820243850350379944e-02
3.831187263131141663e-02 3.373043984174728394e-02 3.527506068348884583e-02 3.129224851727485657e-02
3.718478605151176453e-02 3.485560789704322815e-02 3.194034099578857422e-02 3.686785697937011719e-02
3.593033179640769958e-02 3.575769439339637756e-02 3.372780978679656982e-02 3.961364924907684326e-02
3.864488005638122559e-02 3.289587050676345825e-02 3.766132891178131104e-02 3.970360383391380310e-02
3.073572181165218353e-02 3.548193350434303284e-02 3.413008525967597961e-02 3.244233131408691406e-02
3.377947211265563965e-02 3.462215885519981384e-02 3.542907163500785828e-02 3.778548538684844971e-02
3.560986742377281189e-02 3.235687315464019775e-02 3.328515961766242981e-02 3.196949884295463562e-02
3.404627367854118347e-02 3.250224143266677856e-02 3.112505190074443817e-02 3.198569267988204956e-02
2.936390601098537445e-02 3.437332436442375183e-02 4.105501994490623474e-02 3.530629724264144897e-02
3.339401260018348694e-02 3.495315834879875183e-02 3.362736478447914124e-02 3.471737727522850037e-02
3.477912396192550659e-02 3.288513794541358948e-02 3.185773640871047974e-02 3.119225427508354187e-02
3.452063351869583130e-02 3.516898676753044128e-02 3.417120501399040222e-02 3.443102911114692688e-02
3.113840147852897644e-02 2.762679196894168854e-02 3.232894837856292725e-02 3.185072168707847595e-02
3.531973063945770264e-02 3.315242752432823181e-02 3.356511518359184265e-02 3.351456299424171448e-02
3.334636986255645752e-02 3.595653921365737915e-02 3.352626785635948181e-02 3.502661734819412231e-02
3.188760578632354736e-02 3.408765420317649841e-02 3.432776406407356262e-02 3.467464447021484375e-02
3.523150086402893066e-02 3.367817401885986328e-02 3.460281342267990112e-02 3.526338562369346619e-02
3.451497852802276611e-02 3.401864692568778992e-02 3.463610634207725525e-02 3.391917794942855835e-02
2.887934073805809021e-02 3.249182924628257751e-02 3.259277716279029846e-02 2.975068800151348114e-02
3.161287680268287659e-02 3.354160115122795105e-02 3.363608568906784058e-02 3.529588505625724792e-02
3.290425240993499756e-02 3.330379351973533630e-02 3.650656342506408691e-02 3.606597706675529480e-02
3.473729640245437622e-02 3.517187386751174927e-02 3.445264324545860291e-02 3.645742312073707581e-02
3.365223854780197144e-02 3.169754520058631897e-02 3.240494430065155029e-02 3.223172202706336975e-02
3.467611968517303467e-02 3.195589780807495117e-02 3.366932645440101624e-02 3.459830209612846375e-02
3.284548595547676086e-02 3.537588939070701599e-02 3.349203988909721375e-02 3.329350799322128296e-02
3.549657762050628662e-02 3.465588390827178955e-02 3.314393758773803711e-02 3.213480487465858459e-02
3.317623212933540344e-02 3.684711456298828125e-02 3.406028822064399719e-02 3.415919840335845947e-02
3.573954850435256958e-02 3.656277805566787720e-02 3.545534983277320862e-02 3.628184646368026733e-02
3.591583669185638428e-02 3.309160470962524414e-02 3.834717348217964172e-02 3.607980906963348389e-02
3.745093569159507751e-02 3.451005369424819946e-02 3.272943198680877686e-02 3.454706072807312012e-02
3.338876366615295410e-02 2.906865626573562622e-02 3.291169926524162292e-02 3.487306460738182068e-02
3.443926572799682617e-02 3.218993172049522400e-02 3.557598590850830078e-02 3.697565570473670959e-02
3.289005160331726074e-02 3.206952661275863647e-02 3.481046855449676514e-02 3.394282236695289612e-02
3.570003435015678406e-02 3.239903226494789124e-02 3.280886262655258179e-02 3.560889512300491333e-02
3.480777516961097717e-02 2.764366939663887024e-02 3.091939352452754974e-02 3.434620052576065063e-02
3.752607479691505432e-02 3.316415846347808838e-02 3.422916308045387268e-02 3.692069277167320251e-02
3.894976899027824402e-02 3.752411529421806335e-02 3.698302805423736572e-02 3.585160151124000549e-02
3.600296378135681152e-02 3.213034570217132568e-02 3.326511010527610779e-02 3.558455407619476318e-02
3.543092682957649231e-02 3.171884641051292419e-02 3.011214546859264374e-02 2.872003801167011261e-02
3.747913241386413574e-02 3.595267236232757568e-02 3.519880026578903198e-02 3.489932790398597717e-02
3.234402835369110107e-02 3.454013168811798096e-02 3.477860614657402039e-02 3.566721826791763306e-02
3.450407460331916809e-02 3.370781987905502319e-02 3.231350332498550415e-02 3.484005481004714966e-02
3.640975430607795715e-02 3.312427923083305359e-02 3.272100910544395447e-02 3.311835229396820068e-02
3.471301496028900146e-02 3.210373595356941223e-02 3.371405228972434998e-02 3.426001220941543579e-02
3.191785514354705811e-02 3.388061001896858215e-02 3.572315722703933716e-02 3.253693506121635437e-02
3.852139785885810852e-02 3.459952399134635925e-02 3.441350907087326050e-02 3.657108917832374573e-02
3.421373292803764343e-02 3.565807640552520752e-02 3.972386196255683899e-02 3.593738377094268799e-02
3.529427573084831238e-02 3.516688570380210876e-02 3.456305339932441711e-02 3.440274670720100403e-02
3.397790715098381042e-02 3.208915516734123230e-02 3.558258712291717529e-02 3.507228568196296692e-02
3.571341559290885925e-02 3.571641445159912109e-02 3.143459558486938477e-02 3.644398599863052368e-02
3.277523070573806763e-02 3.657354414463043213e-02 3.543682396411895752e-02 3.536247462034225464e-02
3.948694095015525818e-02 3.498902544379234314e-02 3.439227491617202759e-02 3.897539153695106506e-02
3.304514288902282715e-02 3.584714233875274658e-02 3.696320578455924988e-02 3.445264697074890137e-02
3.692318126559257507e-02 3.876676410436630249e-02 3.573232144117355347e-02 3.671925887465476990e-02
3.548988327383995056e-02 2.858464419841766357e-02 3.609012067317962646e-02 3.564313054084777832e-02
3.886180743575096130e-02 2.987864241003990173e-02 3.223501145839691162e-02 3.222094848752021790e-02
3.296874836087226868e-02 3.292342647910118103e-02 3.367767110466957092e-02 3.417820483446121216e-02
3.404884412884712219e-02 3.540560230612754822e-02 3.184170648455619812e-02 3.613898530602455139e-02
2.951637282967567444e-02 2.977241016924381256e-02 3.400323167443275452e-02 3.410912677645683289e-02
3.757005929946899414e-02 3.631222993135452271e-02 3.609856218099594116e-02 3.881156072020530701e-02
3.185266256332397461e-02 3.226483240723609924e-02 3.161338716745376587e-02 3.204817324876785278e-02
3.457425162196159363e-02 3.927597776055335999e-02 3.895628452301025391e-02 3.692080080509185791e-02
3.332147002220153809e-02 3.190655261278152466e-02 3.378582745790481567e-02 3.538319095969200134e-02
3.554761037230491638e-02 3.596840798854827881e-02 3.571172803640365601e-02 3.381242603063583374e-02
3.654453530907630920e-02 3.748951107263565063e-02 3.635487332940101624e-02 3.753184154629707336e-02
3.499600663781166077e-02 3.531284630298614502e-02 3.498000651597976685e-02 3.382776677608489990e-02
3.552182391285896301e-02 3.152136504650115967e-02 3.324953094124794006e-02 3.492905944585800171e-02
3.276629745960235596e-02 3.479599580168724060e-02 3.353734686970710754e-02 3.808458894491195679e-02
3.349179029464721680e-02 3.018218837678432465e-02 3.380322456359863281e-02 3.278768435120582581e-02
3.343753516674041748e-02 3.400082141160964966e-02 3.508939966559410095e-02 3.508018329739570618e-02
3.111748956143856049e-02 3.261674940586090088e-02 3.345548734068870544e-02 3.677903488278388977e-02
3.218543156981468201e-02 3.521011769771575928e-02 3.484592586755752563e-02 3.664377704262733459e-02
3.278128057718276978e-02 3.445336222648620605e-02 3.526549413800239563e-02 3.683863952755928040e-02
3.294745832681655884e-02 4.069444537162780762e-02 3.480255603790283203e-02 3.833162039518356323e-02
3.390180692076683044e-02 3.370505571365356445e-02 2.933058887720108032e-02 3.555369004607200623e-02
3.684259578585624695e-02 3.526324033737182617e-02 3.610686957836151123e-02 3.814737498760223389e-02
3.683737665414810181e-02 3.564891964197158813e-02 3.771030530333518982e-02 3.669285401701927185e-02
3.432126343250274658e-02 3.369181230664253235e-02 3.653856739401817322e-02 3.641895949840545654e-02
3.530579060316085815e-02 3.280661627650260925e-02 3.429990261793136597e-02 3.916186094284057617e-02
3.527431190013885498e-02 4.001329466700553894e-02 3.316214680671691895e-02 3.368167951703071594e-02
2.968686632812023163e-02 3.245754912495613098e-02 3.160026669502258301e-02 3.714258968830108643e-02
3.247249126434326172e-02 3.654130548238754272e-02 3.484726324677467346e-02 3.226070478558540344e-02
3.312466666102409363e-02 3.007136844098567963e-02 3.254660964012145996e-02 3.633954748511314392e-02
3.531329333782196045e-02 3.368487954139709473e-02 3.462668135762214661e-02 3.738075867295265198e-02
3.480728715658187866e-02 3.492882847785949707e-02 3.684127703309059143e-02 3.549943119287490845e-02
3.746931627392768860e-02 3.522404283285140991e-02 3.786916658282279968e-02 3.656088188290596008e-02
3.533941879868507385e-02 3.490314632654190063e-02 3.451130166649818420e-02 3.632380440831184387e-02
3.589282184839248657e-02 3.206034749746322632e-02 3.247149661183357239e-02 3.585402294993400574e-02
3.409303724765777588e-02 3.292239084839820862e-02 3.664912655949592590e-02 3.706711530685424805e-02
3.311028704047203064e-02 3.696298971772193909e-02 3.538442403078079224e-02 3.686348348855972290e-02
3.379721567034721375e-02 3.450939804315567017e-02 3.185628354549407959e-02 3.465250506997108459e-02
3.384760767221450806e-02 3.525312244892120361e-02 3.410521522164344788e-02 3.532894700765609741e-02
3.318715095520019531e-02 3.297096118330955505e-02 3.718283772468566895e-02 3.593222051858901978e-02
3.530004993081092834e-02 3.518493101000785828e-02 3.773016855120658875e-02 3.576127812266349792e-02
3.450363129377365112e-02 2.952990867197513580e-02 3.579936549067497253e-02 3.290543705224990845e-02
3.488769009709358215e-02 3.153246641159057617e-02 3.297044336795806885e-02 3.240855783224105835e-02
3.352458029985427856e-02 3.375267609953880310e-02 3.743669018149375916e-02 3.726996853947639465e-02
3.530589118599891663e-02 3.284066915512084961e-02 3.293668478727340698e-02 3.368967771530151367e-02
3.487674146890640259e-02 3.493990376591682434e-02 3.546808287501335144e-02 3.595971316099166870e-02
3.317420929670333862e-02 3.396572172641754150e-02 3.505584225058555603e-02 3.600927814841270447e-02
3.567375987768173218e-02 3.401386365294456482e-02 3.310008347034454346e-02 3.402337804436683655e-02
3.650218993425369263e-02 3.826084733009338379e-02 3.514462336897850037e-02 3.554912284016609192e-02
3.433679044246673584e-02 4.167486727237701416e-02 3.798912465572357178e-02 4.034482315182685852e-02
3.446751832962036133e-02 3.507690876722335815e-02 3.520200774073600769e-02 3.514057397842407227e-02
3.556620329618453979e-02 3.339943289756774902e-02 3.249346837401390076e-02 3.416440263390541077e-02
3.586336970329284668e-02 3.430998697876930237e-02 3.297411650419235229e-02 3.447472304105758667e-02
3.124359808862209320e-02 3.580718860030174255e-02 3.359574824571609497e-02 3.644545748829841614e-02
3.463368490338325500e-02 3.386338427662849426e-02 3.256556391716003418e-02 3.901735320687294006e-02
3.548499569296836853e-02 3.533161804080009460e-02 3.269195556640625000e-02 3.291597962379455566e-02
3.722383081912994385e-02 3.777432069182395935e-02 3.565530106425285339e-02 3.691400960087776184e-02
3.687816485762596130e-02 3.030735440552234650e-02 3.157389163970947266e-02 3.592659533023834229e-02
3.745112940669059753e-02 3.369071707129478455e-02 3.450283408164978027e-02 3.529166057705879211e-02
3.159935027360916138e-02 3.862116858363151550e-02 3.441063314676284790e-02 3.453918918967247009e-02
3.555420786142349243e-02 3.486054763197898865e-02 3.320136666297912598e-02 3.365193679928779602e-02
3.854890167713165283e-02 2.958790957927703857e-02 3.316436707973480225e-02 3.305405378341674805e-02
3.492886200547218323e-02 3.681298345327377319e-02 3.665913641452789307e-02 3.819668665528297424e-02
3.893660008907318115e-02 3.642150387167930603e-02 3.419290482997894287e-02 3.644492477178573608e-02
3.604876250028610229e-02 3.435751795768737793e-02 3.410157188773155212e-02 3.520847484469413757e-02
3.580350056290626526e-02 3.633745387196540833e-02 3.467596322298049927e-02 3.431535139679908752e-02
3.256607800722122192e-02 3.527433425188064575e-02 3.194195777177810669e-02 3.731807321310043335e-02
3.448863700032234192e-02 3.520588949322700500e-02 3.392204642295837402e-02 3.910634666681289673e-02
3.775240853428840637e-02 3.534286096692085266e-02 3.643668815493583679e-02 3.692989423871040344e-02
3.516404703259468079e-02 3.366141393780708313e-02 2.871262282133102417e-02 3.236125409603118896e-02
3.310629352927207947e-02 3.500626608729362488e-02 3.625532984733581543e-02 3.534682840108871460e-02
3.337128460407257080e-02 3.350370749831199646e-02 3.021868877112865448e-02 3.499213978648185730e-02
3.758154064416885376e-02 3.551481291651725769e-02 3.745139390230178833e-02 3.599274903535842896e-02
3.518035635352134705e-02 3.536014258861541748e-02 3.437726572155952454e-02 3.772759065032005310e-02
3.449235484004020691e-02 3.483230248093605042e-02 3.327226638793945312e-02 3.666121512651443481e-02
3.277552872896194458e-02 3.479867056012153625e-02 3.278413414955139160e-02 3.724853694438934326e-02
3.598197177052497864e-02 3.552305325865745544e-02 3.426199778914451599e-02 3.523223102092742920e-02
3.242178261280059814e-02 3.422125056385993958e-02 3.355556726455688477e-02 3.587388247251510620e-02
3.317372500896453857e-02 3.480112552642822266e-02 3.591805323958396912e-02 3.469774872064590454e-02
3.337094932794570923e-02 3.320752829313278198e-02 3.231188282370567322e-02 3.701023384928703308e-02
3.169676288962364197e-02 3.490439057350158691e-02 3.541390225291252136e-02 3.653450682759284973e-02
3.622309491038322449e-02 3.399381041526794434e-02 3.530695289373397827e-02 3.379961848258972168e-02
3.363546356558799744e-02 2.948570996522903442e-02 3.451617434620857239e-02 3.493493422865867615e-02
3.367497026920318604e-02 3.336977958679199219e-02 3.670991584658622742e-02 3.508394211530685425e-02
3.415688499808311462e-02 3.398586809635162354e-02 3.556605428457260132e-02 3.761624917387962341e-02
3.276547044515609741e-02 3.112479113042354584e-02 3.909073024988174438e-02 3.247000277042388916e-02
3.030610457062721252e-02 3.418259695172309875e-02 3.747369349002838135e-02 3.413861244916915894e-02
3.465236723423004150e-02 3.145897015929222107e-02 3.331178054213523865e-02 3.535836189985275269e-02
3.276115655899047852e-02 3.340881317853927612e-02 3.274609521031379700e-02 3.198024630546569824e-02
3.302358835935592651e-02 3.065686114132404327e-02 3.450905159115791321e-02 3.296713531017303467e-02
3.651064261794090271e-02 3.299026563763618469e-02 3.485501930117607117e-02 3.734523430466651917e-02
3.338412940502166748e-02 3.258445113897323608e-02 3.231779485940933228e-02 3.410118073225021362e-02
3.302079439163208008e-02 3.156215697526931763e-02 3.268779441714286804e-02 3.400193899869918823e-02
3.587369620800018311e-02 3.104862570762634277e-02 3.359865024685859680e-02 3.748152777552604675e-02
3.362775221467018127e-02 3.776271641254425049e-02 3.673441708087921143e-02 3.575473651289939880e-02
3.511049970984458923e-02 3.396885842084884644e-02 3.513998165726661682e-02 3.467327728867530823e-02
3.560269251465797424e-02 3.389783576130867004e-02 3.313573077321052551e-02 3.668577224016189575e-02
3.014235571026802063e-02 2.873216010630130768e-02 3.489561006426811218e-02 3.160277754068374634e-02
3.378467634320259094e-02 3.243208676576614380e-02 3.444851562380790710e-02 3.447855263948440552e-02
3.424811735749244690e-02 2.992844954133033752e-02 3.045435249805450439e-02 3.327601775527000427e-02
3.323390334844589233e-02 3.240446746349334717e-02 3.143760934472084045e-02 3.437374904751777649e-02
3.627985715866088867e-02 3.317041322588920593e-02 3.374387696385383606e-02 4.163321107625961304e-02
2.781751379370689392e-02 3.435918688774108887e-02 3.209440410137176514e-02 3.477946296334266663e-02
3.510348871350288391e-02 3.213333711028099060e-02 3.347281366586685181e-02 3.158492222428321838e-02
3.349635377526283264e-02 3.109586238861083984e-02 3.289331868290901184e-02 3.694967925548553467e-02
3.516069799661636353e-02 3.553555160760879517e-02 3.389215096831321716e-02 3.388982638716697693e-02
3.445429727435112000e-02 3.188218176364898682e-02 3.280472382903099060e-02 3.233551979064941406e-02
3.243747726082801819e-02 3.061307780444622040e-02 3.582120314240455627e-02 3.130619600415229797e-02
3.313603252172470093e-02 3.263091295957565308e-02 3.127206116914749146e-02 3.094888105988502502e-02
3.529202193021774292e-02 3.465565666556358337e-02 3.034172579646110535e-02 3.110592253506183624e-02
3.415300324559211731e-02 3.273484110832214355e-02 3.503445535898208618e-02 3.313693404197692871e-02
3.196088224649429321e-02 3.316292539238929749e-02 3.382162004709243774e-02 3.339252993464469910e-02
3.415367007255554199e-02 3.284864127635955811e-02 3.153327479958534241e-02 3.485183045268058777e-02
3.528631478548049927e-02 3.391233831644058228e-02 3.814731910824775696e-02 3.622119501233100891e-02
3.906217217445373535e-02 3.392956778407096863e-02 3.417034074664115906e-02 3.772072494029998779e-02
3.419693559408187866e-02 3.588398918509483337e-02 3.302115574479103088e-02 3.364916890859603882e-02
3.424202278256416321e-02 3.419362008571624756e-02 3.429002314805984497e-02 3.480066359043121338e-02
3.546598926186561584e-02 3.471124544739723206e-02 3.331635147333145142e-02 3.906898573040962219e-02
3.704526647925376892e-02 3.746940940618515015e-02 3.771835565567016602e-02 3.995381668210029602e-02
3.588233515620231628e-02 3.509243205189704895e-02 3.676876798272132874e-02 3.461137786507606506e-02
3.611208871006965637e-02 3.433260694146156311e-02 3.292814269661903381e-02 3.580959513783454895e-02
3.741025552153587341e-02 3.630442172288894653e-02 3.609153255820274353e-02 3.484990075230598450e-02
3.385255113244056702e-02 3.495018929243087769e-02 3.453583642840385437e-02 3.262236341834068298e-02
3.267331421375274658e-02 3.092231601476669312e-02 3.568287566304206848e-02 3.593295067548751831e-02
3.169391304254531860e-02 3.231097012758255005e-02 3.390055894851684570e-02 3.337613865733146667e-02
3.717469796538352966e-02 3.883999213576316833e-02 3.653794527053833008e-02 3.501599282026290894e-02
3.723314777016639709e-02 3.468952700495719910e-02 3.647072985768318176e-02 3.584269434213638306e-02
3.468188270926475525e-02 3.545884788036346436e-02 3.657586500048637390e-02 3.629288449883460999e-02
3.536952659487724304e-02 3.611815720796585083e-02 3.806374594569206238e-02 3.803076967597007751e-02
3.477676957845687866e-02 3.187122195959091187e-02 3.440433740615844727e-02 3.872409090399742126e-02
3.621260821819305420e-02 3.504570573568344116e-02 3.850687295198440552e-02 3.447608277201652527e-02
3.644747287034988403e-02 3.485444188117980957e-02 3.754467144608497620e-02 3.848425671458244324e-02
3.671775013208389282e-02 3.543828800320625305e-02 3.606807067990303040e-02 3.580382838845252991e-02
3.300276398658752441e-02 2.868746034801006317e-02 3.518929332494735718e-02 3.452044725418090820e-02
3.318980708718299866e-02 3.547367826104164124e-02 3.336970508098602295e-02 3.623546287417411804e-02
3.455349057912826538e-02 3.366239741444587708e-02 3.536245599389076233e-02 3.682699427008628845e-02
3.246007487177848816e-02 3.183693811297416687e-02 3.394163027405738831e-02 3.371902182698249817e-02
3.270215168595314026e-02 3.623755648732185364e-02 3.476558998227119446e-02 3.705261275172233582e-02
3.510355576872825623e-02 3.460879251360893250e-02 3.636926040053367615e-02 3.644402697682380676e-02
3.557641431689262390e-02 3.339324891567230225e-02 3.346797451376914978e-02 3.361673280596733093e-02
3.096933104097843170e-02 3.232751041650772095e-02 3.650930896401405334e-02 3.517043963074684143e-02
2.897975593805313110e-02 2.989275194704532623e-02 2.897343598306179047e-02 3.323766589164733887e-02
3.156943619251251221e-02 3.289038315415382385e-02 3.370178863406181335e-02 3.655196353793144226e-02
3.317539021372795105e-02 3.464649617671966553e-02 3.615602478384971619e-02 3.813285008072853088e-02
3.578811138868331909e-02 3.571020439267158508e-02 3.456961363554000854e-02 3.589205071330070496e-02
3.988182172179222107e-02 3.256228193640708923e-02 3.553138300776481628e-02 3.638217970728874207e-02
3.464237973093986511e-02 3.471424430608749390e-02 3.632190823554992676e-02 3.663759306073188782e-02
3.155414760112762451e-02 3.073897771537303925e-02 3.260725736618041992e-02 3.786402195692062378e-02
3.722713142633438110e-02 3.562642633914947510e-02 3.475574776530265808e-02 3.814657777547836304e-02
3.554863855242729187e-02 3.312610089778900146e-02 3.364858403801918030e-02 3.556053340435028076e-02
3.433168306946754456e-02 3.511901572346687317e-02 3.537475317716598511e-02 3.444473445415496826e-02
3.612235561013221741e-02 3.404635563492774963e-02 3.104878962039947510e-02 3.240381926298141479e-02
3.609640523791313171e-02 3.449856862425804138e-02 3.400424867868423462e-02 3.604580089449882507e-02
3.250891342759132385e-02 3.194206580519676208e-02 3.605131432414054871e-02 3.817727044224739075e-02
3.087373636662960052e-02 3.286041691899299622e-02 3.354257345199584961e-02 3.232716396450996399e-02
3.551283478736877441e-02 3.540458530187606812e-02 3.312413394451141357e-02 3.637854754924774170e-02
3.453995287418365479e-02 3.578731790184974670e-02 3.162714093923568726e-02 3.401842713356018066e-02
3.338257595896720886e-02 3.155462443828582764e-02 3.727161511778831482e-02 3.585474193096160889e-02
3.500633314251899719e-02 3.245756402611732483e-02 3.589098900556564331e-02 3.502763435244560242e-02
3.108851611614227295e-02 3.302673250436782837e-02 3.484350070357322693e-02 3.740332648158073425e-02
3.195572644472122192e-02 3.504335135221481323e-02 3.609835729002952576e-02 3.646758943796157837e-02
3.682417795062065125e-02 3.011640347540378571e-02 3.576431795954704285e-02 3.491866588592529297e-02
3.248879313468933105e-02 3.622608631849288940e-02 3.453141450881958008e-02 3.457154706120491028e-02
3.161254897713661194e-02 3.214674815535545349e-02 3.590800240635871887e-02 3.501889482140541077e-02
3.429837897419929504e-02 3.617727756500244141e-02 3.455138951539993286e-02 3.846267610788345337e-02
3.389742970466613770e-02 3.236047551035881042e-02 3.510610759258270264e-02 3.579755499958992004e-02
3.234435245394706726e-02 3.589101508259773254e-02 3.355356678366661072e-02 3.490480408072471619e-02
3.514800220727920532e-02 3.331025689840316772e-02 3.470585122704505920e-02 3.426112979650497437e-02
3.196338191628456116e-02 3.501642122864723206e-02 3.298412635922431946e-02 3.296947851777076721e-02
3.312905877828598022e-02 3.460611775517463684e-02 3.042154572904109955e-02 3.821595013141632080e-02
3.296012058854103088e-02 3.458703309297561646e-02 3.553754836320877075e-02 3.755594044923782349e-02
3.090577572584152222e-02 3.383971378207206726e-02 3.489239141345024109e-02 3.392983600497245789e-02
3.358585387468338013e-02 3.590854629874229431e-02 3.507675975561141968e-02 3.762920945882797241e-02
3.563775867223739624e-02 3.490003943443298340e-02 3.240471333265304565e-02 3.703711926937103271e-02
3.567796945571899414e-02 3.999562561511993408e-02 3.630974888801574707e-02 3.904018923640251160e-02
3.529630228877067566e-02 3.150914981961250305e-02 3.157863393425941467e-02 3.418901190161705017e-02
3.638218715786933899e-02 3.292120620608329773e-02 3.244882822036743164e-02 3.587865829467773438e-02
3.233064711093902588e-02 3.455315902829170227e-02 3.344890475273132324e-02 3.432357683777809143e-02
3.439505398273468018e-02 3.565963357686996460e-02 3.590325638651847839e-02 3.537441417574882507e-02
3.322669491171836853e-02 3.138422966003417969e-02 3.016319125890731812e-02 3.168318048119544983e-02
3.217118605971336365e-02 3.035051748156547546e-02 3.028311766684055328e-02 2.976294048130512238e-02
3.192243352532386780e-02 3.165687620639801025e-02 3.594158589839935303e-02 3.265913203358650208e-02
3.394905850291252136e-02 3.356692194938659668e-02 3.274284675717353821e-02 3.498471155762672424e-02
3.331013023853302002e-02 3.108147718012332916e-02 3.213864564895629883e-02 3.192635253071784973e-02
3.401895612478256226e-02 3.238597139716148376e-02 3.502430021762847900e-02 3.571268916130065918e-02
3.972731158137321472e-02 3.634733334183692932e-02 3.563148900866508484e-02 3.314432501792907715e-02
3.502772375941276550e-02 3.369153663516044617e-02 3.458597883582115173e-02 3.593021631240844727e-02
3.319104388356208801e-02 3.384129330515861511e-02 3.407007828354835510e-02 3.446061536669731140e-02
3.220729902386665344e-02 3.355498984456062317e-02 3.113516047596931458e-02 3.440246358513832092e-02
3.761989995837211609e-02 3.503233939409255981e-02 3.547105938196182251e-02 3.556748107075691223e-02
3.216180205345153809e-02 3.472544252872467041e-02 3.442459180951118469e-02 3.505514562129974365e-02
3.492876887321472168e-02 3.461036831140518188e-02 3.437457233667373657e-02 3.518262505531311035e-02
3.855572268366813660e-02 3.940951824188232422e-02 3.699514269828796387e-02 3.622629866003990173e-02
3.784385323524475098e-02 3.366184607148170471e-02 3.554615750908851624e-02 3.897469490766525269e-02
3.486301377415657043e-02 3.231879696249961853e-02 3.717421367764472961e-02 3.804958984255790710e-02
3.427544236183166504e-02 3.810524940490722656e-02 3.549166023731231689e-02 3.487168252468109131e-02
3.343504667282104492e-02 3.414325788617134094e-02 3.406423330307006836e-02 3.610464930534362793e-02
3.335729613900184631e-02 3.918100520968437195e-02 3.588354215025901794e-02 4.267224296927452087e-02
3.696294501423835754e-02 3.366808593273162842e-02 3.442686796188354492e-02 3.749947622418403625e-02
3.473568707704544067e-02 3.680753707885742188e-02 3.729282319545745850e-02 3.733881935477256775e-02
3.693838417530059814e-02 3.420265018939971924e-02 3.153298050165176392e-02 3.732211142778396606e-02
3.579757735133171082e-02 3.403180465102195740e-02 3.255578130483627319e-02 3.415699675679206848e-02
3.388596698641777039e-02 3.212701901793479919e-02 3.306499496102333069e-02 3.407109901309013367e-02
3.274935483932495117e-02 3.189908713102340698e-02 3.109941259026527405e-02 3.369073197245597839e-02
3.522327169775962830e-02 3.469235450029373169e-02 3.440877050161361694e-02 3.658167645335197449e-02
2.990337088704109192e-02 2.947487868368625641e-02 3.342457115650177002e-02 3.297038376331329346e-02
3.059064596891403198e-02 3.408144786953926086e-02 3.623129054903984070e-02 3.398884832859039307e-02
3.518989309668540955e-02 3.113199211657047272e-02 3.280980885028839111e-02 3.282678499817848206e-02
3.406514227390289307e-02 3.585229068994522095e-02 3.589486330747604370e-02 3.834775835275650024e-02
3.429999947547912598e-02 3.033989854156970978e-02 3.688170388340950012e-02 2.997319214046001434e-02
3.291070088744163513e-02 3.076801262795925140e-02 2.975656092166900635e-02 3.272797167301177979e-02
2.945655584335327148e-02 3.165746107697486877e-02 3.429403528571128845e-02 3.461015969514846802e-02
3.508010879158973694e-02 3.203091397881507874e-02 3.246711939573287964e-02 3.632349148392677307e-02
3.595184162259101868e-02 3.213908523321151733e-02 3.165126964449882507e-02 3.291812539100646973e-02
3.466387838125228882e-02 3.576089441776275635e-02 3.304770961403846741e-02 3.599110245704650879e-02
3.153821825981140137e-02 3.062554635107517242e-02 3.346822410821914673e-02 3.187545016407966614e-02
3.663490340113639832e-02 3.288569301366806030e-02 3.411514312028884888e-02 3.741835057735443115e-02
3.355076536536216736e-02 3.194404765963554382e-02 3.598331660032272339e-02 3.574521839618682861e-02
3.345582634210586548e-02 3.166797384619712830e-02 3.118242509663105011e-02 3.333697468042373657e-02
3.319838270545005798e-02 3.186890482902526855e-02 3.010058589279651642e-02 3.421070426702499390e-02
3.532708436250686646e-02 3.131930530071258545e-02 3.115392848849296570e-02 3.589716553688049316e-02
3.266483172774314880e-02 3.895562142133712769e-02 3.830981627106666565e-02 3.420317545533180237e-02
3.645900636911392212e-02 3.365385904908180237e-02 3.230042010545730591e-02 3.211974352598190308e-02
3.368192538619041443e-02 3.420861810445785522e-02 3.214140236377716064e-02 3.654113039374351501e-02
3.638739511370658875e-02 3.488167747855186462e-02 3.132225573062896729e-02 3.295385837554931641e-02
3.481978550553321838e-02 3.089608065783977509e-02 3.590764477849006653e-02 3.364202380180358887e-02
3.197951242327690125e-02 3.282238170504570007e-02 3.550289571285247803e-02 3.277909383177757263e-02
3.186784684658050537e-02 2.989410795271396637e-02 3.044960834085941315e-02 3.488441929221153259e-02
3.501299768686294556e-02 3.137935698032379150e-02 3.189003467559814453e-02 3.740408271551132202e-02
3.422512114048004150e-02 3.112465701997280121e-02 3.378800302743911743e-02 3.647324442863464355e-02
3.122767247259616852e-02 3.045484051108360291e-02 3.064912371337413788e-02 2.996479906141757965e-02
3.389902412891387939e-02 3.217910602688789368e-02 2.991596609354019165e-02 3.306245058774948120e-02
3.236325085163116455e-02 3.097357787191867828e-02 2.950868941843509674e-02 3.215840086340904236e-02
3.114315681159496307e-02 3.201554715633392334e-02 3.275792300701141357e-02 3.335851803421974182e-02
3.369500488042831421e-02 3.495272248983383179e-02 3.194294124841690063e-02 3.667144849896430969e-02
3.495669364929199219e-02 3.409422188997268677e-02 3.318994492292404175e-02 3.612126037478446960e-02
3.217290341854095459e-02 3.260364010930061340e-02 3.310764208436012268e-02 3.334912285208702087e-02
3.264575451612472534e-02 3.384327888488769531e-02 3.146199136972427368e-02 3.684045001864433289e-02
3.619490936398506165e-02 3.343792632222175598e-02 3.345827013254165649e-02 3.741990029811859131e-02
3.539074584841728210e-02 3.296282142400741577e-02 3.600539267063140869e-02 3.351245075464248657e-02
3.828755021095275879e-02 3.383467346429824829e-02 3.584681823849678040e-02 3.653294593095779419e-02
3.724566847085952759e-02 3.508221358060836792e-02 3.634783998131752014e-02 3.673212975263595581e-02
3.500429540872573853e-02 3.377890214323997498e-02 3.385017439723014832e-02 3.438137099146842957e-02
3.625279292464256287e-02 3.306736052036285400e-02 3.072964400053024292e-02 3.482241183519363403e-02
3.926705941557884216e-02 3.578007593750953674e-02 3.491906821727752686e-02 3.353665024042129517e-02
3.394639492034912109e-02 3.488442674279212952e-02 3.310462832450866699e-02 3.828581422567367554e-02
3.738746047019958496e-02 3.627029433846473694e-02 3.788090869784355164e-02 3.900223597884178162e-02
3.644822165369987488e-02 3.816142305731773376e-02 3.641254827380180359e-02 4.003443941473960876e-02
3.546353429555892944e-02 3.605725243687629700e-02 3.478066623210906982e-02 3.676621615886688232e-02
3.506992012262344360e-02 3.374122455716133118e-02 3.319388628005981445e-02 4.006496444344520569e-02
3.655922785401344299e-02 3.763693571090698242e-02 3.736568987369537354e-02 3.914494439959526062e-02
3.300498798489570618e-02 3.515099361538887024e-02 3.367100283503532410e-02 3.480353206396102905e-02
3.600647673010826111e-02 3.416979685425758362e-02 3.455800190567970276e-02 3.615190461277961731e-02
3.392298519611358643e-02 3.395086899399757385e-02 3.412445262074470520e-02 3.612723946571350098e-02
3.104373998939990997e-02 3.084247745573520660e-02 3.114298172295093536e-02 3.279939293861389160e-02
3.281511366367340088e-02 3.058721125125885010e-02 3.117961809039115906e-02 3.154522925615310669e-02
3.664997220039367676e-02 3.483622893691062927e-02 3.392621502280235291e-02 3.321298211812973022e-02
3.387251496315002441e-02 3.323024883866310120e-02 3.338045999407768250e-02 3.558139503002166748e-02
3.376899287104606628e-02 3.284198045730590820e-02 3.357859700918197632e-02 3.357771411538124084e-02
3.622068092226982117e-02 3.214631229639053345e-02 3.425366431474685669e-02 3.209710121154785156e-02
3.588397800922393799e-02 3.268659114837646484e-02 3.257248923182487488e-02 3.640376403927803040e-02
3.707592561841011047e-02 3.069206140935420990e-02 3.527332469820976257e-02 3.639286383986473083e-02
3.512992709875106812e-02 3.397293388843536377e-02 3.613959625363349915e-02 3.233681246638298035e-02
3.916472196578979492e-02 3.751374036073684692e-02 3.762952238321304321e-02 3.604413196444511414e-02
3.307732194662094116e-02 3.425686806440353394e-02 3.410902991890907288e-02 3.764681145548820496e-02
3.326140716671943665e-02 3.176110610365867615e-02 3.545237705111503601e-02 3.046628646552562714e-02
3.201872855424880981e-02 3.350562602281570435e-02 3.114035911858081818e-02 3.439257293939590454e-02
3.352407366037368774e-02 3.374343365430831909e-02 3.132875263690948486e-02 3.103554435074329376e-02
3.622558712959289551e-02 3.642889484763145447e-02 3.151314705610275269e-02 3.563746437430381775e-02
3.152619674801826477e-02 3.135999292135238647e-02 3.281486779451370239e-02 3.222033753991127014e-02
3.509794920682907104e-02 3.750967979431152344e-02 3.455237299203872681e-02 3.487177938222885132e-02
3.255592659115791321e-02 3.622523322701454163e-02 3.711856529116630554e-02 3.389670699834823608e-02
3.704870119690895081e-02 3.798215836286544800e-02 3.429797664284706116e-02 3.736625239253044128e-02
3.771626949310302734e-02 3.156965225934982300e-02 3.268101438879966736e-02 3.510787710547447205e-02
3.444688767194747925e-02 3.529660776257514954e-02 3.451325744390487671e-02 3.629061579704284668e-02
3.199857473373413086e-02 3.389865159988403320e-02 3.690686821937561035e-02 2.895324677228927612e-02
3.497670963406562805e-02 3.749974444508552551e-02 3.472004458308219910e-02 3.538427874445915222e-02
3.335785865783691406e-02 2.906738780438899994e-02 3.081331960856914520e-02 3.379733860492706299e-02
3.651937097311019897e-02 3.734621033072471619e-02 3.277977928519248962e-02 3.634287044405937195e-02
3.505013883113861084e-02 3.196009248495101929e-02 3.527514263987541199e-02 3.501948341727256775e-02
3.240598738193511963e-02 3.107844106853008270e-02 3.311020880937576294e-02 3.293302655220031738e-02
3.188459202647209167e-02 3.292720019817352295e-02 3.446290269494056702e-02 3.082796931266784668e-02
3.138117119669914246e-02 3.327338397502899170e-02 3.406378999352455139e-02 3.382290899753570557e-02
3.589579090476036072e-02 3.556557372212409973e-02 3.512757271528244019e-02 3.318206965923309326e-02
3.192402422428131104e-02 3.192135691642761230e-02 3.376498818397521973e-02 3.297986462712287903e-02
3.140489757061004639e-02 3.256923705339431763e-02 3.371856361627578735e-02 3.181420639157295227e-02
3.685074299573898315e-02 3.362504020333290100e-02 3.553149104118347168e-02 3.860577940940856934e-02
3.545648977160453796e-02 3.610168769955635071e-02 3.534078225493431091e-02 3.636930882930755615e-02
3.444258868694305420e-02 3.704560175538063049e-02 3.625112399458885193e-02 3.655029088258743286e-02
3.774307295680046082e-02 3.194118663668632507e-02 3.446828946471214294e-02 3.754591569304466248e-02
3.461279720067977905e-02 3.187083825469017029e-02 3.367320820689201355e-02 3.544753789901733398e-02
3.472154587507247925e-02 3.148383274674415588e-02 3.344703465700149536e-02 3.738162294030189514e-02
3.369702398777008057e-02 3.553357347846031189e-02 3.581710904836654663e-02 3.515454009175300598e-02
3.345707058906555176e-02 3.077272698283195496e-02 3.219966962933540344e-02 3.267992287874221802e-02
3.142296522855758667e-02 3.618546575307846069e-02 3.218538314104080200e-02 3.663369640707969666e-02
3.330798447132110596e-02 3.106309287250041962e-02 3.528446331620216370e-02 3.276357054710388184e-02
3.503626212477684021e-02 3.108822926878929138e-02 3.340672701597213745e-02 3.049882501363754272e-02
3.445272892713546753e-02 3.507072851061820984e-02 3.377408534288406372e-02 3.648106381297111511e-02
3.644075617194175720e-02 3.273647651076316833e-02 3.417273238301277161e-02 3.351694345474243164e-02
3.554053977131843567e-02 3.567822650074958801e-02 3.574547544121742249e-02 3.591792285442352295e-02
3.460383415222167969e-02 3.411777690052986145e-02 3.369676694273948669e-02 3.672378510236740112e-02
3.589427843689918518e-02 3.487943485379219055e-02 3.377019241452217102e-02 3.462836891412734985e-02
3.642371296882629395e-02 3.419087454676628113e-02 3.495743125677108765e-02 3.542432188987731934e-02
3.296611458063125610e-02 3.310979157686233521e-02 3.204454854130744934e-02 3.348178043961524963e-02
3.664970770478248596e-02 3.215990960597991943e-02 3.409412875771522522e-02 3.646563366055488586e-02
3.622019290924072266e-02 3.509812057018280029e-02 3.613171726465225220e-02 3.620792552828788757e-02
3.599968552589416504e-02 3.318621218204498291e-02 3.406677767634391785e-02 3.274201229214668274e-02
3.479908034205436707e-02 3.394981846213340759e-02 3.109921514987945557e-02 3.414532542228698730e-02
3.238367289304733276e-02 3.125873208045959473e-02 3.268673643469810486e-02 3.404326736927032471e-02
3.487125411629676819e-02 3.662008792161941528e-02 3.809485584497451782e-02 3.764890506863594055e-02
3.226228430867195129e-02 3.365476056933403015e-02 3.124471753835678101e-02 3.368270397186279297e-02
3.638700395822525024e-02 3.344320505857467651e-02 3.211848810315132141e-02 3.589135035872459412e-02
3.154662996530532837e-02 3.154218196868896484e-02 3.201291337609291077e-02 3.464319929480552673e-02
3.684381023049354553e-02 3.608686849474906921e-02 3.342004120349884033e-02 3.315630927681922913e-02
3.241243213415145874e-02 3.104853443801403046e-02 3.249477595090866089e-02 3.466362133622169495e-02
3.551863878965377808e-02 3.332888334989547729e-02 3.392767906188964844e-02 3.293833136558532715e-02
3.395944088697433472e-02 3.421427309513092041e-02 3.664451465010643005e-02 3.472782298922538757e-02
3.413495793938636780e-02 3.361600264906883240e-02 2.872017771005630493e-02 3.271077573299407959e-02
3.586675226688385010e-02 3.343710303306579590e-02 3.394551947712898254e-02 3.792632743716239929e-02
3.606027364730834961e-02 3.743140026926994324e-02 3.713832423090934753e-02 4.033077880740165710e-02
3.391849622130393982e-02 3.470890596508979797e-02 3.497141972184181213e-02 3.838829323649406433e-02
3.793565183877944946e-02 3.551590815186500549e-02 3.394311293959617615e-02 3.530075773596763611e-02
3.677970543503761292e-02 3.307095542550086975e-02 3.326192125678062439e-02 3.158944100141525269e-02
3.557838499546051025e-02 3.128063306212425232e-02 3.506823256611824036e-02 3.613371029496192932e-02
3.637137636542320251e-02 3.530479222536087036e-02 3.493306413292884827e-02 3.697440773248672485e-02
3.693883493542671204e-02 3.639258816838264465e-02 3.523626923561096191e-02 3.171927481889724731e-02
3.665661811828613281e-02 3.334683552384376526e-02 3.368634358048439026e-02 3.833265975117683411e-02
3.588658943772315979e-02 3.196320682764053345e-02 3.060006350278854370e-02 3.227890655398368835e-02
3.589301556348800659e-02 3.344506770372390747e-02 3.448889404535293579e-02 3.453822806477546692e-02
3.609039634466171265e-02 3.354350477457046509e-02 3.438485786318778992e-02 3.631985560059547424e-02
3.510565310716629028e-02 3.392388299107551575e-02 3.603208437561988831e-02 3.552739694714546204e-02
4.035932943224906921e-02 3.475794941186904907e-02 3.782404214143753052e-02 3.843189403414726257e-02
3.692094236612319946e-02 3.647424280643463135e-02 3.639043122529983521e-02 3.803881630301475525e-02
3.624844551086425781e-02 3.177166357636451721e-02 3.263983502984046936e-02 3.374964743852615356e-02
3.653474152088165283e-02 3.490303829312324524e-02 3.486377373337745667e-02 3.867438435554504395e-02
3.900647163391113281e-02 3.279853984713554382e-02 3.701256960630416870e-02 3.624045103788375854e-02
3.679228946566581726e-02 3.603829070925712585e-02 3.614318743348121643e-02 3.450204804539680481e-02
3.667851164937019348e-02 3.345973789691925049e-02 3.421280533075332642e-02 3.884360194206237793e-02
3.368736058473587036e-02 3.512122482061386108e-02 3.554137051105499268e-02 3.971044346690177917e-02
3.683963418006896973e-02 3.328654915094375610e-02 3.213043510913848877e-02 3.403175994753837585e-02
3.513436019420623779e-02 3.231900557875633240e-02 3.353150561451911926e-02 3.653411567211151123e-02
3.707309067249298096e-02 3.451741114258766174e-02 3.128024563193321228e-02 3.757061809301376343e-02
3.883843496441841125e-02 3.198802843689918518e-02 3.213985264301300049e-02 3.599453344941139221e-02
3.687965124845504761e-02 3.716629371047019958e-02 3.561595454812049866e-02 3.678188472986221313e-02
3.674741461873054504e-02 3.617043048143386841e-02 3.466459363698959351e-02 3.762752562761306763e-02
3.782597184181213379e-02 3.424734249711036682e-02 3.442905843257904053e-02 3.993887081742286682e-02
3.731563314795494080e-02 3.259283304214477539e-02 3.537358343601226807e-02 3.954872488975524902e-02
3.596656396985054016e-02 3.602577000856399536e-02 3.600682318210601807e-02 3.999026864767074585e-02
3.054884634912014008e-02 3.532026335597038269e-02 3.073182143270969391e-02 3.713630884885787964e-02
3.848760202527046204e-02 3.395928442478179932e-02 3.299076110124588013e-02 3.462147340178489685e-02
3.401309624314308167e-02 3.410870954394340515e-02 3.280617669224739075e-02 3.679795190691947937e-02
3.680536895990371704e-02 3.471587225794792175e-02 3.523520380258560181e-02 3.452311828732490540e-02
3.505140915513038635e-02 3.495112061500549316e-02 3.414973989129066467e-02 3.600573539733886719e-02
3.659522905945777893e-02 3.428485617041587830e-02 3.517679497599601746e-02 3.672800213098526001e-02
3.544376417994499207e-02 3.351446986198425293e-02 3.546799346804618835e-02 3.946648538112640381e-02
3.494739159941673279e-02 3.345954418182373047e-02 3.220060840249061584e-02 3.364273533225059509e-02
3.422075137495994568e-02 3.471663966774940491e-02 3.554625809192657471e-02 3.715024888515472412e-02
3.809724375605583191e-02 3.334353119134902954e-02 3.686778619885444641e-02 3.782249614596366882e-02
3.176836296916007996e-02 3.050769120454788208e-02 3.156071901321411133e-02 3.484917432069778442e-02
3.596962988376617432e-02 3.566488996148109436e-02 3.735240921378135681e-02 3.594126552343368530e-02
3.285146132111549377e-02 3.395366668701171875e-02 3.414138406515121460e-02 3.441483899950981140e-02
3.425564616918563843e-02 3.272013366222381592e-02 3.231349587440490723e-02 3.376154974102973938e-02
3.750434890389442444e-02 3.205616772174835205e-02 3.397001698613166809e-02 3.887244313955307007e-02
3.331271931529045105e-02 3.354996442794799805e-02 3.471015393733978271e-02 3.549067303538322449e-02
3.448614478111267090e-02 3.547152876853942871e-02 3.659326955676078796e-02 3.455040231347084045e-02
3.892692551016807556e-02 3.094956278800964355e-02 3.133123740553855896e-02 3.271397203207015991e-02
3.800826519727706909e-02 3.385037928819656372e-02 3.542807698249816895e-02 3.538811951875686646e-02
3.631034865975379944e-02 3.467896580696105957e-02 3.495057672262191772e-02 3.784321248531341553e-02
3.566040471196174622e-02 3.640232980251312256e-02 3.294999524950981140e-02 3.729341179132461548e-02
3.432687371969223022e-02 3.000267222523689270e-02 3.590348362922668457e-02 3.583998233079910278e-02
3.584355115890502930e-02 3.328249976038932800e-02 3.378437086939811707e-02 3.670928999781608582e-02
3.394635021686553955e-02 3.394193202257156372e-02 3.432080894708633423e-02 3.535551950335502625e-02
3.611747547984123230e-02 3.404691815376281738e-02 3.753084316849708557e-02 3.478522971272468567e-02
3.175588324666023254e-02 2.701175399124622345e-02 3.350630775094032288e-02 3.027892298996448517e-02
3.582561761140823364e-02 3.510347008705139160e-02 3.708195686340332031e-02 3.717942535877227783e-02
3.541965037584304810e-02 3.274824097752571106e-02 3.616351261734962463e-02 3.834480419754981995e-02
3.709831088781356812e-02 3.681192547082901001e-02 3.570626676082611084e-02 3.453530743718147278e-02
3.401269391179084778e-02 3.215250000357627869e-02 3.149177134037017822e-02 3.787915408611297607e-02
3.608958050608634949e-02 3.538729622960090637e-02 3.274805471301078796e-02 3.976360708475112915e-02
3.782548010349273682e-02 3.315511345863342285e-02 3.338037431240081787e-02 3.640478104352951050e-02
3.684636950492858887e-02 3.531295061111450195e-02 3.402209654450416565e-02 3.449614346027374268e-02
3.086907230317592621e-02 3.280151262879371643e-02 3.237854316830635071e-02 3.821059316396713257e-02
3.542723506689071655e-02 3.315537795424461365e-02 3.649589046835899353e-02 3.649324178695678711e-02
3.428561240434646606e-02 3.068003617227077484e-02 3.133450448513031006e-02 3.293546661734580994e-02
3.502244874835014343e-02 3.837312757968902588e-02 3.732622042298316956e-02 4.207290336489677429e-02
3.717650845646858215e-02 3.527479618787765503e-02 3.328777104616165161e-02 3.695992752909660339e-02
3.979928791522979736e-02 3.669410571455955505e-02 3.455189988017082214e-02 3.577905520796775818e-02
3.370821103453636169e-02 3.769062831997871399e-02 3.510805219411849976e-02 3.750548139214515686e-02
3.527074307203292847e-02 3.942244127392768860e-02 3.577781468629837036e-02 3.823544085025787354e-02
3.829614818096160889e-02 3.522578626871109009e-02 3.327161073684692383e-02 3.606462478637695312e-02
3.708579018712043762e-02 3.344256430864334106e-02 3.291908279061317444e-02 3.649575263261795044e-02
3.320765867829322815e-02 3.680302202701568604e-02 3.360608965158462524e-02 3.408748283982276917e-02
3.527268022298812866e-02 3.425564616918563843e-02 3.575728461146354675e-02 3.690493106842041016e-02
3.239158540964126587e-02 3.325001522898674011e-02 3.220379352569580078e-02 3.462753817439079285e-02
3.463566303253173828e-02 3.407581895589828491e-02 3.670511394739151001e-02 3.549976646900177002e-02
3.821413964033126831e-02 3.519873321056365967e-02 3.657640889286994934e-02 3.759635612368583679e-02
3.925969824194908142e-02 3.511063754558563232e-02 3.539394959807395935e-02 3.599711135029792786e-02
3.196117281913757324e-02 3.631471842527389526e-02 3.618219867348670959e-02 3.697805106639862061e-02
3.899367526173591614e-02 3.768652677536010742e-02 3.749253228306770325e-02 3.762735426425933838e-02
3.562999144196510315e-02 3.495167195796966553e-02 3.547585755586624146e-02 3.758659213781356812e-02
3.932233899831771851e-02 3.577272221446037292e-02 3.663230314850807190e-02 3.911213576793670654e-02
3.378759697079658508e-02 3.080934844911098480e-02 3.295141085982322693e-02 3.262160718441009521e-02
3.547875583171844482e-02 2.998176217079162598e-02 3.466940298676490784e-02 3.505828604102134705e-02
3.467073291540145874e-02 3.670626878738403320e-02 3.576601296663284302e-02 3.908426687121391296e-02
3.612828999757766724e-02 3.518527373671531677e-02 3.409673646092414856e-02 3.592729568481445312e-02
3.627382963895797729e-02 3.446269780397415161e-02 3.720589354634284973e-02 3.119895234704017639e-02
3.508154302835464478e-02 3.487379848957061768e-02 3.769174218177795410e-02 3.506420552730560303e-02
3.759502619504928589e-02 3.708516806364059448e-02 3.333777189254760742e-02 3.584918379783630371e-02
3.708346933126449585e-02 3.341332077980041504e-02 3.344414755702018738e-02 3.441853821277618408e-02
3.395938128232955933e-02 3.675941377878189087e-02 3.551051020622253418e-02 3.679563105106353760e-02
3.572296723723411560e-02 3.706303238868713379e-02 3.605354577302932739e-02 3.872253000736236572e-02
3.807548061013221741e-02 3.793986886739730835e-02 3.768115118145942688e-02 3.835780173540115356e-02
3.252594545483589172e-02 2.853319607675075531e-02 3.352271765470504761e-02 3.519271686673164368e-02
3.298119083046913147e-02 3.160206601023674011e-02 3.201512992382049561e-02 3.316444158554077148e-02
3.725142404437065125e-02 3.526725620031356812e-02 3.446658328175544739e-02 3.628188744187355042e-02
3.639413416385650635e-02 3.352160751819610596e-02 3.317285329103469849e-02 3.584109991788864136e-02
3.584706038236618042e-02 3.655644133687019348e-02 3.606252372264862061e-02 3.647245094180107117e-02
3.293413668870925903e-02 3.530487418174743652e-02 3.672083094716072083e-02 3.547030687332153320e-02
3.509371355175971985e-02 3.399293497204780579e-02 3.423797711730003357e-02 3.532004356384277344e-02
3.852207958698272705e-02 3.325193002820014954e-02 3.205269202589988708e-02 3.283939883112907410e-02
3.651672601699829102e-02 2.912482060492038727e-02 3.496877849102020264e-02 3.461661934852600098e-02
2.981797792017459869e-02 3.054897673428058624e-02 3.355742618441581726e-02 3.548998013138771057e-02
3.447661921381950378e-02 3.185917064547538757e-02 3.341915830969810486e-02 3.467000648379325867e-02
3.331179544329643250e-02 3.470671176910400391e-02 3.512356430292129517e-02 3.710376843810081482e-02
3.411633521318435669e-02 3.204471245408058167e-02 3.469084203243255615e-02 3.588783740997314453e-02
3.648206219077110291e-02 3.531977161765098572e-02 3.477542847394943237e-02 3.541187942028045654e-02
3.264126554131507874e-02 4.961027950048446655e-02 3.509796783328056335e-02 3.417264297604560852e-02
3.387561812996864319e-02 3.376533463597297668e-02 3.256261348724365234e-02 3.726835176348686218e-02
3.578919917345046997e-02 3.846861422061920166e-02 3.582528606057167053e-02 4.214696958661079407e-02
3.653326630592346191e-02 4.064206779003143311e-02 3.566583991050720215e-02 3.545628488063812256e-02
3.409064188599586487e-02 3.862637281417846680e-02 3.553425148129463196e-02 3.385849669575691223e-02
3.537256270647048950e-02 3.726123645901679993e-02 3.563589975237846375e-02 3.938596695661544800e-02
3.316856548190116882e-02 3.304587677121162415e-02 3.416033834218978882e-02 3.359361365437507629e-02
3.319283202290534973e-02 4.570848867297172546e-02 3.262075781822204590e-02 3.567871451377868652e-02
3.470626473426818848e-02 4.079643264412879944e-02 3.252214565873146057e-02 3.669973462820053101e-02
3.377106413245201111e-02 3.444899991154670715e-02 3.229805082082748413e-02 3.670452535152435303e-02
3.246019035577774048e-02 2.974396571516990662e-02 3.268095478415489197e-02 3.275875002145767212e-02
3.382727131247520447e-02 3.781802207231521606e-02 3.432580083608627319e-02 3.753564134240150452e-02
3.538401424884796143e-02 3.554313629865646362e-02 3.618988022208213806e-02 3.777140378952026367e-02
3.381928801536560059e-02 3.492561727762222290e-02 3.383252397179603577e-02 3.607497736811637878e-02
3.919326141476631165e-02 3.135276958346366882e-02 3.649010509252548218e-02 4.166349396109580994e-02
4.093613848090171814e-02 3.850538283586502075e-02 3.753704950213432312e-02 3.913561627268791199e-02
3.436077386140823364e-02 3.511164337396621704e-02 3.581728413701057434e-02 3.723795711994171143e-02
3.785781934857368469e-02 3.628917038440704346e-02 3.663721308112144470e-02 3.989420458674430847e-02
3.943207859992980957e-02 3.580224141478538513e-02 3.939501568675041199e-02 4.313620179891586304e-02
3.608785942196846008e-02 3.885193169116973877e-02 3.851267695426940918e-02 4.363366216421127319e-02
3.434670343995094299e-02 3.595043718814849854e-02 3.706585243344306946e-02 3.582735359668731689e-02
3.726849332451820374e-02 3.444626182317733765e-02 3.765335679054260254e-02 4.041859880089759827e-02
3.298199921846389771e-02 3.714109957218170166e-02 3.592163696885108948e-02 3.677380830049514771e-02
3.617230057716369629e-02 5.893579125404357910e-02 3.531099110841751099e-02 3.995181620121002197e-02
3.229841962456703186e-02 3.643991053104400635e-02 3.335297480225563049e-02 3.661117702722549438e-02
3.752424940466880798e-02 3.126105666160583496e-02 3.593344241380691528e-02 3.804846480488777161e-02
3.656378015875816345e-02 3.619425743818283081e-02 3.756813332438468933e-02 3.730913624167442322e-02
3.210258483886718750e-02 3.276625275611877441e-02 3.245835751295089722e-02 3.777023032307624817e-02
3.683125227689743042e-02 3.518405929207801819e-02 3.463038802146911621e-02 3.742336481809616089e-02
3.595369309186935425e-02 3.543488681316375732e-02 3.693189099431037903e-02 3.942927718162536621e-02
3.186572715640068054e-02 3.563046455383300781e-02 3.633755818009376526e-02 3.648750111460685730e-02
3.425791114568710327e-02 3.381476178765296936e-02 3.292373567819595337e-02 3.516170009970664978e-02
3.399344161152839661e-02 3.449238836765289307e-02 3.476637974381446838e-02 3.714987635612487793e-02
3.513547405600547791e-02 3.554661571979522705e-02 3.148175030946731567e-02 3.715595230460166931e-02
3.589519485831260681e-02 3.788208961486816406e-02 3.602330386638641357e-02 3.608839586377143860e-02
3.896085917949676514e-02 3.489438444375991821e-02 3.455967083573341370e-02 3.561695292592048645e-02
5.623976141214370728e-02 6.315690279006958008e-02 5.982524529099464417e-02 5.794280022382736206e-02
3.439565747976303101e-02 3.507642820477485657e-02 3.776786476373672485e-02 3.462801501154899597e-02
3.271257132291793823e-02 3.605929762125015259e-02 3.740177303552627563e-02 3.605933487415313721e-02
3.745191171765327454e-02 3.673373907804489136e-02 3.564057499170303345e-02 3.801353275775909424e-02
3.697392717003822327e-02 3.494026139378547668e-02 3.608568012714385986e-02 3.798609972000122070e-02
3.319964557886123657e-02 3.462197631597518921e-02 4.017953947186470032e-02 3.990873694419860840e-02
3.641300275921821594e-02 3.469722718000411987e-02 3.817959129810333252e-02 3.705877810716629028e-02
4.043120145797729492e-02 3.642337396740913391e-02 3.739699721336364746e-02 3.761035576462745667e-02
3.817594423890113831e-02 3.721567988395690918e-02 3.909315541386604309e-02 3.862572461366653442e-02
3.478237986564636230e-02 3.632989898324012756e-02 3.515537828207015991e-02 3.732924535870552063e-02
3.748928010463714600e-02 3.740998357534408569e-02 3.511283546686172485e-02 3.817192092537879944e-02
3.559181094169616699e-02 3.547415882349014282e-02 3.654918819665908813e-02 3.770568594336509705e-02
3.536571934819221497e-02 3.543552011251449585e-02 3.670407086610794067e-02 3.713064268231391907e-02
3.628762066364288330e-02 3.711942955851554871e-02 3.693990036845207214e-02 3.702511265873908997e-02
3.804010152816772461e-02 3.414113819599151611e-02 3.863903507590293884e-02 3.814699128270149231e-02
3.746084496378898621e-02 3.522821143269538879e-02 3.854194656014442444e-02 3.642627224326133728e-02
3.373539820313453674e-02 3.623722121119499207e-02 3.398999571800231934e-02 3.560007736086845398e-02
3.406888991594314575e-02 3.354510664939880371e-02 3.663363680243492126e-02 3.775728866457939148e-02
3.205480799078941345e-02 3.661146759986877441e-02 3.497688844799995422e-02 3.544306382536888123e-02
3.509999439120292664e-02 3.617454320192337036e-02 3.846772760152816772e-02 3.892937302589416504e-02
3.425158560276031494e-02 3.435583412647247314e-02 3.491435199975967407e-02 3.944626078009605408e-02
3.453695774078369141e-02 3.705648705363273621e-02 3.810524940490722656e-02 4.007121548056602478e-02
3.691251203417778015e-02 3.410796448588371277e-02 3.783878311514854431e-02 3.796408325433731079e-02
3.631284832954406738e-02 3.653794527053833008e-02 3.875598311424255371e-02 3.739228099584579468e-02
3.718999028205871582e-02 3.651362285017967224e-02 3.733073174953460693e-02 3.664644807577133179e-02
3.688846528530120850e-02 3.677073493599891663e-02 3.666623681783676147e-02 4.143715649843215942e-02
3.803382441401481628e-02 3.787882253527641296e-02 3.510749712586402893e-02 3.747757896780967712e-02
3.946847096085548401e-02 4.001938179135322571e-02 4.122814163565635681e-02 3.906186670064926147e-02
3.610372543334960938e-02 3.421752899885177612e-02 3.598215803503990173e-02 3.928664326667785645e-02
3.832031041383743286e-02 3.429792448878288269e-02 3.376126661896705627e-02 3.997150063514709473e-02
3.564688190817832947e-02 3.210368379950523376e-02 3.716389089822769165e-02 3.826858475804328918e-02
3.492517769336700439e-02 3.787855431437492371e-02 3.963343426585197449e-02 4.088106006383895874e-02
3.847910463809967041e-02 3.781757131218910217e-02 3.795525059103965759e-02 3.861059248447418213e-02
3.889320790767669678e-02 3.388478234410285950e-02 3.483019396662712097e-02 4.017281159758567810e-02
3.861037269234657288e-02 3.979025408625602722e-02 3.550790995359420776e-02 3.786326572299003601e-02
4.043935984373092651e-02 3.254932537674903870e-02 3.574653342366218567e-02 3.875926882028579712e-02
4.006303846836090088e-02 3.167761489748954773e-02 3.348993510007858276e-02 4.203804209828376770e-02
3.648545965552330017e-02 3.482283279299736023e-02 3.546951338648796082e-02 3.741949424147605896e-02
4.229668527841567993e-02 3.993565589189529419e-02 3.831279277801513672e-02 4.109085723757743835e-02
4.239636659622192383e-02 3.452321514487266541e-02 3.576945513486862183e-02 3.890668600797653198e-02
3.748813644051551819e-02 3.685913980007171631e-02 3.582972288131713867e-02 3.832568228244781494e-02
3.865957632660865784e-02 3.614235296845436096e-02 3.593435883522033691e-02 3.706008568406105042e-02
4.019694030284881592e-02 3.943277522921562195e-02 3.700569644570350647e-02 3.640622273087501526e-02
3.883742168545722961e-02 3.557681664824485779e-02 3.649080544710159302e-02 3.851266577839851379e-02
3.794234246015548706e-02 4.016590118408203125e-02 3.888015449047088623e-02 4.046721011400222778e-02
4.154497757554054260e-02 4.061726480722427368e-02 4.157227277755737305e-02 3.938030451536178589e-02
3.553677722811698914e-02 3.808049112558364868e-02 3.547402471303939819e-02 3.669986128807067871e-02
4.258234798908233643e-02 3.605860471725463867e-02 3.808403015136718750e-02 4.483795911073684692e-02
3.902555629611015320e-02 3.782831504940986633e-02 3.592423349618911743e-02 3.853758797049522400e-02
4.068218916654586792e-02 3.818202018737792969e-02 3.741159662604331970e-02 3.797705844044685364e-02
3.668897598981857300e-02 3.664815798401832581e-02 3.671952337026596069e-02 3.756323084235191345e-02
3.587596863508224487e-02 4.028258472681045532e-02 3.948962315917015076e-02 3.852038830518722534e-02
3.635651618242263794e-02 3.731337562203407288e-02 3.665421158075332642e-02 3.844853118062019348e-02
4.013068601489067078e-02 3.825020417571067810e-02 3.789923340082168579e-02 3.803184255957603455e-02
3.917250409722328186e-02 3.610433265566825867e-02 3.492688387632369995e-02 3.587383031845092773e-02
3.653758764266967773e-02 3.918254375457763672e-02 4.071001708507537842e-02 4.016121849417686462e-02
3.769885003566741943e-02 3.704133629798889160e-02 3.815930336713790894e-02 4.187621548771858215e-02
3.688182309269905090e-02 3.740780055522918701e-02 3.823111951351165771e-02 3.745339438319206238e-02
3.783245757222175598e-02 3.695500269532203674e-02 3.882844746112823486e-02 3.579008206725120544e-02
3.971325233578681946e-02 3.609604388475418091e-02 3.690980374813079834e-02 3.993250802159309387e-02
3.937580436468124390e-02 3.716686740517616272e-02 3.652091696858406067e-02 3.854919224977493286e-02
3.676480799913406372e-02 3.738943487405776978e-02 3.901277855038642883e-02 3.897750377655029297e-02
3.865149244666099548e-02 3.763417527079582214e-02 3.877962008118629456e-02 4.083449020981788635e-02
3.572490438818931580e-02 3.905045613646507263e-02 3.800977766513824463e-02 3.842732310295104980e-02
3.745205700397491455e-02 3.674025461077690125e-02 3.459019958972930908e-02 3.974242880940437317e-02
3.678559884428977966e-02 3.517885506153106689e-02 3.626773506402969360e-02 3.569615259766578674e-02
4.086378589272499084e-02 3.942693769931793213e-02 3.867893666028976440e-02 3.937576338648796082e-02
3.811737149953842163e-02 3.753768652677536011e-02 3.761009871959686279e-02 4.053697735071182251e-02
3.811728954315185547e-02 3.671343997120857239e-02 3.711531311273574829e-02 4.156340286135673523e-02
3.812304884195327759e-02 3.819644823670387268e-02 3.493618965148925781e-02 3.812941536307334900e-02
3.839956969022750854e-02 3.927649557590484619e-02 3.799295425415039062e-02 3.949022665619850159e-02
3.372022882103919983e-02 3.701383993029594421e-02 3.682133182883262634e-02 4.126282408833503723e-02
3.801009058952331543e-02 3.745476529002189636e-02 3.508049249649047852e-02 3.892614319920539856e-02
3.431122004985809326e-02 3.780498728156089783e-02 3.799037262797355652e-02 3.689583763480186462e-02
3.506588190793991089e-02 3.669071942567825317e-02 3.686146065592765808e-02 3.867147490382194519e-02
3.852339833974838257e-02 3.250831738114356995e-02 3.831354901194572449e-02 3.759741038084030151e-02
4.086194187402725220e-02 3.891056030988693237e-02 3.704956173896789551e-02 3.529926016926765442e-02
3.556974977254867554e-02 3.757218271493911743e-02 3.814452886581420898e-02 3.878925368189811707e-02
4.007678478956222534e-02 3.415115177631378174e-02 3.749881684780120850e-02 3.302672132849693298e-02
4.219012334942817688e-02 3.704264760017395020e-02 3.912019729614257812e-02 3.762747347354888916e-02
4.037998616695404053e-02 3.654325380921363831e-02 3.619806468486785889e-02 3.861304745078086853e-02
3.562990576028823853e-02 3.504430130124092102e-02 3.593078628182411194e-02 3.675445914268493652e-02
3.551634028553962708e-02 3.566776588559150696e-02 3.612186759710311890e-02 3.905174881219863892e-02
3.650332614779472351e-02 3.232552483677864075e-02 3.421615436673164368e-02 3.583082184195518494e-02
3.572358191013336182e-02 3.515562042593955994e-02 3.648264706134796143e-02 3.810846805572509766e-02
3.688442707061767578e-02 3.453144803643226624e-02 3.475515544414520264e-02 3.903694078326225281e-02
3.853775188326835632e-02 3.529066592454910278e-02 3.385933861136436462e-02 4.002308472990989685e-02
3.787165880203247070e-02 3.623201698064804077e-02 3.718044236302375793e-02 3.903767466545104980e-02
3.450373932719230652e-02 3.588723391294479370e-02 3.536609932780265808e-02 3.788965195417404175e-02
3.367274254560470581e-02 3.252884000539779663e-02 3.395933657884597778e-02 3.487659618258476257e-02
3.651496395468711853e-02 3.897874057292938232e-02 3.740213066339492798e-02 4.027830809354782104e-02
3.787051513791084290e-02 3.916393965482711792e-02 3.609162569046020508e-02 3.948711603879928589e-02
4.060831665992736816e-02 3.793283551931381226e-02 3.643449768424034119e-02 3.637073561549186707e-02
3.966639563441276550e-02 3.531470894813537598e-02 3.600693494081497192e-02 3.861881792545318604e-02
3.994565084576606750e-02 3.971873596310615540e-02 3.691914677619934082e-02 3.826753050088882446e-02
3.371779248118400574e-02 3.414257243275642395e-02 3.305925428867340088e-02 4.084687307476997375e-02
3.546429052948951721e-02 3.604429960250854492e-02 3.655775263905525208e-02 3.906945511698722839e-02
3.602258488535881042e-02 3.724905475974082947e-02 3.773753345012664795e-02 3.714407235383987427e-02
3.701961413025856018e-02 3.700019419193267822e-02 3.757320716977119446e-02 3.686942532658576965e-02
4.183319211006164551e-02 3.922868147492408752e-02 3.968633338809013367e-02 4.040789231657981873e-02
3.751045465469360352e-02 3.618441149592399597e-02 3.698469325900077820e-02 3.821373358368873596e-02
3.827628865838050842e-02 3.857655450701713562e-02 3.770747408270835876e-02 3.932596370577812195e-02
4.091139510273933411e-02 4.012357071042060852e-02 3.881391137838363647e-02 4.174133017659187317e-02
4.192096740007400513e-02 3.751089051365852356e-02 3.682764992117881775e-02 3.965113312005996704e-02
3.688541799783706665e-02 3.804452344775199890e-02 3.604584932327270508e-02 3.779527172446250916e-02
3.664188459515571594e-02 3.656034916639328003e-02 3.693277761340141296e-02 3.722710162401199341e-02
4.074607044458389282e-02 3.714761510491371155e-02 3.903865814208984375e-02 3.760932758450508118e-02
3.967444226145744324e-02 3.775814920663833618e-02 4.125960916280746460e-02 3.536558151245117188e-02
3.720422461628913879e-02 3.743518516421318054e-02 3.735497966408729553e-02 3.646816685795783997e-02
3.794172033667564392e-02 3.552545607089996338e-02 3.723930194973945618e-02 3.630221635103225708e-02
3.975073248147964478e-02 3.666178882122039795e-02 3.746862709522247314e-02 3.621185198426246643e-02
3.688578307628631592e-02 3.820764645934104919e-02 3.905316442251205444e-02 3.645146265625953674e-02
3.865037858486175537e-02 3.922193124890327454e-02 3.686743602156639099e-02 3.854066133499145508e-02
4.136894270777702332e-02 3.682178631424903870e-02 3.591631352901458740e-02 3.864430636167526245e-02
3.899116814136505127e-02 3.639711067080497742e-02 3.727749735116958618e-02 4.009051993489265442e-02
3.936614096164703369e-02 3.933930024504661560e-02 3.912246599793434143e-02 4.039916023612022400e-02
4.383915290236473083e-02 3.964047506451606750e-02 4.022753983736038208e-02 4.137066379189491272e-02
3.963581845164299011e-02 4.141524434089660645e-02 3.880012035369873047e-02 3.954255953431129456e-02
3.940365836024284363e-02 3.963176533579826355e-02 3.741922229528427124e-02 4.156386107206344604e-02
4.016402363777160645e-02 4.219654202461242676e-02 3.710297495126724243e-02 4.028049111366271973e-02
3.478125855326652527e-02 4.066080972552299500e-02 3.889868035912513733e-02 3.961832076311111450e-02
3.642547875642776489e-02 3.882606327533721924e-02 3.582663834095001221e-02 3.875697404146194458e-02
3.758985549211502075e-02 3.850522637367248535e-02 4.054905846714973450e-02 3.659681230783462524e-02
4.349923878908157349e-02 4.111728444695472717e-02 4.193875566124916077e-02 4.361407458782196045e-02
4.104049131274223328e-02 3.888608142733573914e-02 3.984163701534271240e-02 4.091333597898483276e-02
4.058872535824775696e-02 3.762888535857200623e-02 3.795877844095230103e-02 4.231124371290206909e-02
3.966648504137992859e-02 3.854886069893836975e-02 4.240455478429794312e-02 4.205296933650970459e-02
7.260105758905410767e-02 7.026661932468414307e-02 6.966017931699752808e-02 7.324183732271194458e-02
3.949430212378501892e-02 4.078148677945137024e-02 3.894624859094619751e-02 4.000011458992958069e-02
4.142379388213157654e-02 3.729012235999107361e-02 3.531792759895324707e-02 3.913981467485427856e-02
4.052405059337615967e-02 3.841604664921760559e-02 3.769051656126976013e-02 3.566552326083183289e-02
3.697482123970985413e-02 3.687055408954620361e-02 3.878815844655036926e-02 4.263216257095336914e-02
3.953467309474945068e-02 3.748981654644012451e-02 3.954747691750526428e-02 3.895116597414016724e-02
4.356102645397186279e-02 3.873917460441589355e-02 3.749694675207138062e-02 3.886424377560615540e-02
3.625694662332534790e-02 4.044748097658157349e-02 3.736726567149162292e-02 4.181526973843574524e-02
3.609198704361915588e-02 3.676364570856094360e-02 3.679970651865005493e-02 3.981091082096099854e-02
3.939127549529075623e-02 3.960383683443069458e-02 4.069684445858001709e-02 4.178867116570472717e-02
3.513323515653610229e-02 3.534056246280670166e-02 3.758704289793968201e-02 3.627222031354904175e-02
3.829163685441017151e-02 3.794035688042640686e-02 4.096132144331932068e-02 3.981146588921546936e-02
4.421379044651985168e-02 3.716035932302474976e-02 3.894282132387161255e-02 4.377186670899391174e-02
3.789318352937698364e-02 3.825281560420989990e-02 3.637592494487762451e-02 3.928302600979804993e-02
3.618068248033523560e-02 3.714124858379364014e-02 3.553527966141700745e-02 3.803275153040885925e-02
3.942456096410751343e-02 3.965929150581359863e-02 3.778685629367828369e-02 4.144248738884925842e-02
4.365454614162445068e-02 3.782868385314941406e-02 4.051929339766502380e-02 4.115918278694152832e-02
3.911167010664939880e-02 3.923126682639122009e-02 4.065190628170967102e-02 3.938877955079078674e-02
3.870673477649688721e-02 3.844562917947769165e-02 3.755728155374526978e-02 3.682873025536537170e-02
4.027052968740463257e-02 4.212555289268493652e-02 3.825247287750244141e-02 4.114384576678276062e-02
4.072595387697219849e-02 3.810685873031616211e-02 4.080957546830177307e-02 3.563831001520156860e-02
4.172443225979804993e-02 3.841433674097061157e-02 3.854777663946151733e-02 4.335191100835800171e-02
3.869466856122016907e-02 3.902557119727134705e-02 3.936517611145973206e-02 3.785007074475288391e-02
4.215309396386146545e-02 3.787841647863388062e-02 3.825226053595542908e-02 4.130314663052558899e-02
4.085449874401092529e-02 3.818326070904731750e-02 4.051555693149566650e-02 3.980724513530731201e-02
4.103307053446769714e-02 4.100675508379936218e-02 4.009513929486274719e-02 3.863504528999328613e-02
4.164421558380126953e-02 3.921563550829887390e-02 3.956292942166328430e-02 4.272036626935005188e-02
4.063649103045463562e-02 4.084124043583869934e-02 4.076677560806274414e-02 4.406300932168960571e-02
3.752868995070457458e-02 4.363064467906951904e-02 3.967609629034996033e-02 3.728885948657989502e-02
4.179816693067550659e-02 4.262705147266387939e-02 4.451585561037063599e-02 4.185906797647476196e-02
4.370048642158508301e-02 4.119753465056419373e-02 3.939624130725860596e-02 4.140416160225868225e-02
4.573711007833480835e-02 4.121667146682739258e-02 4.115260392427444458e-02 4.864171147346496582e-02
4.409596696496009827e-02 4.639055952429771423e-02 4.459540918469429016e-02 3.856703266501426697e-02
4.230708256363868713e-02 4.081127047538757324e-02 3.733474761247634888e-02 4.332620278000831604e-02
4.523463174700737000e-02 4.103808477520942688e-02 4.608927667140960693e-02 4.298374056816101074e-02
4.138718545436859131e-02 3.988148644566535950e-02 3.902865946292877197e-02 4.795772209763526917e-02
4.325494915246963501e-02 4.349958151578903198e-02 4.625331610441207886e-02 4.402544349431991577e-02
4.286355525255203247e-02 4.167940095067024231e-02 4.399389028549194336e-02 4.028230160474777222e-02
4.039481282234191895e-02 4.045846313238143921e-02 4.107815027236938477e-02 4.421570897102355957e-02
4.470542818307876587e-02 4.704953357577323914e-02 4.356521368026733398e-02 4.391949996352195740e-02
4.664193466305732727e-02 4.169855266809463501e-02 4.323316738009452820e-02 4.265742003917694092e-02
4.083790257573127747e-02 4.232677072286605835e-02 4.192426800727844238e-02 4.417073726654052734e-02
4.219147935509681702e-02 4.132514446973800659e-02 4.279780015349388123e-02 4.291936755180358887e-02
4.233296588063240051e-02 4.014569520950317383e-02 3.888696059584617615e-02 4.253299534320831299e-02
4.828571528196334839e-02 4.192713275551795959e-02 4.303261637687683105e-02 4.925230890512466431e-02
4.430199787020683289e-02 4.509925469756126404e-02 4.439563676714897156e-02 4.881175234913825989e-02
4.495318979024887085e-02 4.165479168295860291e-02 4.419353231787681580e-02 4.308613017201423645e-02
4.317796975374221802e-02 4.676744714379310608e-02 4.567475616931915283e-02 4.846527054905891418e-02
4.460060596466064453e-02 4.260648414492607117e-02 4.239138588309288025e-02 4.864365607500076294e-02
4.138964042067527771e-02 4.405984282493591309e-02 4.324853047728538513e-02 4.685899987816810608e-02
4.480749741196632385e-02 4.270099475979804993e-02 4.417848587036132812e-02 4.548204690217971802e-02
4.346582293510437012e-02 4.138653352856636047e-02 4.246133193373680115e-02 4.311597347259521484e-02
4.826083779335021973e-02 4.430046305060386658e-02 4.900858923792839050e-02 4.948063194751739502e-02
4.292637482285499573e-02 4.502810165286064148e-02 4.604741185903549194e-02 4.332382977008819580e-02
4.353523999452590942e-02 4.571136087179183960e-02 4.174597561359405518e-02 4.881890118122100830e-02
4.277311637997627258e-02 4.421267658472061157e-02 4.684622213244438171e-02 4.869007691740989685e-02
4.773701727390289307e-02 4.580805450677871704e-02 4.760864749550819397e-02 4.814904555678367615e-02
4.578844830393791199e-02 4.530896991491317749e-02 4.515543952584266663e-02 4.328020662069320679e-02
4.418474063277244568e-02 4.512274265289306641e-02 4.058443009853363037e-02 4.602035880088806152e-02
4.677576944231987000e-02 4.669270664453506470e-02 4.438538476824760437e-02 4.709599539637565613e-02
4.824768379330635071e-02 5.067961290478706360e-02 4.485102370381355286e-02 5.085669457912445068e-02
5.074450746178627014e-02 5.005390942096710205e-02 5.150694400072097778e-02 5.553165450692176819e-02
4.943754151463508606e-02 4.933545738458633423e-02 4.576547443866729736e-02 4.823686927556991577e-02
4.785355553030967712e-02 4.523582011461257935e-02 4.860381782054901123e-02 4.780709743499755859e-02
4.729882255196571350e-02 5.356075987219810486e-02 4.988035932183265686e-02 5.469113588333129883e-02
5.438727140426635742e-02 4.914137348532676697e-02 5.133375525474548340e-02 5.055090412497520447e-02
5.297204479575157166e-02 5.175815150141716003e-02 4.855094477534294128e-02 5.396805331110954285e-02
5.127945169806480408e-02 5.025259405374526978e-02 5.131588503718376160e-02 5.129063874483108521e-02
5.001513659954071045e-02 5.849701538681983948e-02 5.492993071675300598e-02 5.276985466480255127e-02
5.101000890135765076e-02 5.368593707680702209e-02 5.475408956408500671e-02 5.513980612158775330e-02
5.406869202852249146e-02 5.453906953334808350e-02 5.571719259023666382e-02 5.508796498179435730e-02
5.479541793465614319e-02 5.358947068452835083e-02 5.722489207983016968e-02 5.726042762398719788e-02
5.569054558873176575e-02 5.973534286022186279e-02 5.682798102498054504e-02 5.975681543350219727e-02
5.325010791420936584e-02 5.220779776573181152e-02 5.344984307885169983e-02 5.720099061727523804e-02
5.139457434415817261e-02 5.255084857344627380e-02 5.573792383074760437e-02 5.742331966757774353e-02
5.482318252325057983e-02 5.507719144225120544e-02 5.291810631752014160e-02 5.552068725228309631e-02
6.158995628356933594e-02 5.950795859098434448e-02 6.123345717787742615e-02 6.217724457383155823e-02
5.633108317852020264e-02 5.553168430924415588e-02 5.491999536752700806e-02 5.967219546437263489e-02
5.324539542198181152e-02 5.450057610869407654e-02 5.275753885507583618e-02 5.722195282578468323e-02
5.528046935796737671e-02 5.756258592009544373e-02 5.681575834751129150e-02 6.107697635889053345e-02
5.922295525670051575e-02 5.835334211587905884e-02 6.085189431905746460e-02 6.439356505870819092e-02
5.561880022287368774e-02 5.810145288705825806e-02 5.564585700631141663e-02 5.691732466220855713e-02
6.186939030885696411e-02 6.076414138078689575e-02 5.965070798993110657e-02 5.799183622002601624e-02
6.048359349370002747e-02 6.094557419419288635e-02 6.172601133584976196e-02 6.330503523349761963e-02
6.169989705085754395e-02 5.903303995728492737e-02 6.070291250944137573e-02 5.987182259559631348e-02
6.198110431432723999e-02 5.752053111791610718e-02 5.942219868302345276e-02 6.327592581510543823e-02
5.788002163171768188e-02 6.232447549700737000e-02 6.506681442260742188e-02 6.242578849196434021e-02
6.455321609973907471e-02 6.438506394624710083e-02 6.110756471753120422e-02 6.878230720758438110e-02
6.157121807336807251e-02 6.488709151744842529e-02 6.855485588312149048e-02 6.478844583034515381e-02
6.117434054613113403e-02 6.358218193054199219e-02 6.169342622160911560e-02 6.156256422400474548e-02
1.110844835638999939e-01 1.117825582623481750e-01 1.147710978984832764e-01 1.090321242809295654e-01
6.518579274415969849e-02 6.120298430323600769e-02 6.103082373738288879e-02 6.205097958445549011e-02
6.716838479042053223e-02 6.829343736171722412e-02 7.029251754283905029e-02 6.943301856517791748e-02
6.748997420072555542e-02 6.502558290958404541e-02 6.478671729564666748e-02 6.699807196855545044e-02
6.938467174768447876e-02 6.898956745862960815e-02 6.969594955444335938e-02 6.792405247688293457e-02
6.611754745244979858e-02 6.824089586734771729e-02 6.865163892507553101e-02 7.293467223644256592e-02
6.819510459899902344e-02 6.893205642700195312e-02 7.275042682886123657e-02 7.383821904659271240e-02
6.530079990625381470e-02 6.300789862871170044e-02 6.428514420986175537e-02 6.682748347520828247e-02
6.972590833902359009e-02 6.855271011590957642e-02 7.147669047117233276e-02 7.066790759563446045e-02
6.261786818504333496e-02 6.622356176376342773e-02 6.526309996843338013e-02 6.841789931058883667e-02
7.227230072021484375e-02 7.223773747682571411e-02 7.393888384103775024e-02 7.480701059103012085e-02
6.869936734437942505e-02 6.933543086051940918e-02 7.227940112352371216e-02 7.188551872968673706e-02
7.087058573961257935e-02 6.903544068336486816e-02 7.015723735094070435e-02 7.122506201267242432e-02
6.518927961587905884e-02 6.957469135522842407e-02 7.196328788995742798e-02 7.153107225894927979e-02
6.841675192117691040e-02 6.906037032604217529e-02 6.874190270900726318e-02 6.992538273334503174e-02
6.364830583333969116e-02 6.672704219818115234e-02 6.507662683725357056e-02 6.822305172681808472e-02
6.432295590639114380e-02 6.434347480535507202e-02 6.634159386157989502e-02 6.500623375177383423e-02
6.675442308187484741e-02 6.595532596111297607e-02 6.596256047487258911e-02 6.699983030557632446e-02
6.795669347047805786e-02 7.043840736150741577e-02 7.175359129905700684e-02 7.421632856130599976e-02
6.966517120599746704e-02 7.437363266944885254e-02 7.302360981702804565e-02 7.169798761606216431e-02
6.911406666040420532e-02 7.391581684350967407e-02 7.067538797855377197e-02 6.988784670829772949e-02
7.300516963005065918e-02 8.021053671836853027e-02 8.126387000083923340e-02 7.918305695056915283e-02
7.813087105751037598e-02 7.866705209016799927e-02 8.023896813392639160e-02 8.342710882425308228e-02
6.732382625341415405e-02 7.620587199926376343e-02 7.544136047363281250e-02 7.790724933147430420e-02
7.801508158445358276e-02 7.772957533597946167e-02 7.774643599987030029e-02 7.929559797048568726e-02
7.718556374311447144e-02 7.682620733976364136e-02 7.693156599998474121e-02 8.283818513154983521e-02
7.649845629930496216e-02 7.975470274686813354e-02 8.351068198680877686e-02 8.287591487169265747e-02
8.687864243984222412e-02 8.500684052705764771e-02 8.610969036817550659e-02 9.073990583419799805e-02
1.664284169673919678e-01 1.647430956363677979e-01 1.715065538883209229e-01 1.652899831533432007e-01
1.855646669864654541e-01 1.873521208763122559e-01 1.954691559076309204e-01 1.886572837829589844e-01
1.339204013347625732e-01 1.281020492315292358e-01 1.354498267173767090e-01 1.336185634136199951e-01
1.112030968070030212e-01 1.002502515912055969e-01 1.082889884710311890e-01 1.094774752855300903e-01
9.921371191740036011e-02 9.711428731679916382e-02 9.872230142354965210e-02 9.607575833797454834e-02
1.116401851177215576e-01 1.087561249732971191e-01 1.126056164503097534e-01 1.233997195959091187e-01
6.539675593376159668e-01 6.816020011901855469e-01 6.862213015556335449e-01 6.418310403823852539e-01
3.167601227760314941e-01 3.114271461963653564e-01 3.131569027900695801e-01 3.025844395160675049e-01
1.254032552242279053e-01 1.186272948980331421e-01 1.250812113285064697e-01 1.255349665880203247e-01
1.716045290231704712e-01 1.701570004224777222e-01 1.728422194719314575e-01 1.765915453433990479e-01
7.011857032775878906e-01 7.491156458854675293e-01 7.506600618362426758e-01 6.898452639579772949e-01
1.268839687108993530e-01 1.261272430419921875e-01 1.343816071748733521e-01 1.303994953632354736e-01
1.530495882034301758e-01 1.583147794008255005e-01 1.609919667243957520e-01 1.660295873880386353e-01
8.118358440697193146e-03 2.864623907953500748e-03 3.004390047863125801e-03 4.449089523404836655e-03
2.169260941445827484e-02 -4.357265774160623550e-03 7.934726891107857227e-04 1.343762408941984177e-02
